140 5
6676 13 158 182 10 
10154 14 174 186 12 
32597 15 139 148 10 
30199 16 164 167 12 
22685 16 213 215 10 
16268 17 137 181 16 
10483 17 146 158 11 
41166 17 152 155 12 
15597 17 164 178 15 
12683 17 164 186 13 
10201 17 173 182 15 
2546 17 178 181 16 
1178 18 150 157 17 
4444 18 152 162 9 
34608 18 166 176 10 
22626 18 167 192 16 
14756 18 178 184 15 
19973 19 137 186 13 
17430 19 154 162 13 
31229 19 155 165 9 
39171 19 163 183 17 
8784 19 164 192 16 
33852 19 171 182 16 
25259 19 173 184 16 
34761 19 174 193 17 
32524 19 176 191 13 
44219 19 183 201 17 
22687 19 187 188 16 
14270 19 194 210 15 
17467 19 202 206 16 
26167 19 231 242 17 
24103 19 235 268 18 
38679 20 141 155 18 
7096 20 145 177 16 
27656 20 146 176 11 
39299 20 154 163 17 
14692 20 163 179 19 
45059 20 167 182 17 
49467 20 170 171 14 
31045 20 175 195 18 
14447 20 191 197 13 
25435 21 146 162 14 
31829 21 146 166 13 
12868 21 152 180 17 
21916 21 161 179 19 
45369 21 163 180 19 
9057 21 165 173 15 
29267 21 170 181 13 
8611 21 173 176 19 
48752 21 177 198 17 
46433 21 179 189 13 
27891 21 215 222 17 
14251 22 143 157 20 
33951 22 146 153 17 
28783 22 152 161 16 
19890 22 153 193 19 
30692 22 160 170 19 
29071 22 163 191 18 
4641 22 170 183 17 
18276 22 179 216 21 
25729 22 180 182 21 
39154 23 151 157 19 
27335 23 158 168 14 
4747 23 159 166 20 
29935 23 167 184 18 
29377 23 176 189 17 
40529 23 177 198 13 
15052 23 179 188 18 
13199 23 183 184 15 
40715 24 165 177 17 
13223 24 167 187 23 
30720 24 168 169 22 
38277 24 170 199 18 
40710 24 176 194 19 
14474 24 197 202 8 
390 24 202 226 19 
39131 25 138 165 20 
48169 25 159 172 17 
36856 25 161 180 21 
11133 25 164 177 21 
46266 25 164 184 24 
34124 25 167 184 24 
12921 25 170 192 24 
39520 25 176 187 23 
6587 25 179 186 23 
12148 25 189 192 13 
11594 25 190 209 22 
49281 25 198 203 14 
16700 25 202 208 19 
19938 25 239 266 22 
15361 25 241 260 19 
28951 26 150 178 21 
580 26 156 180 13 
6522 26 161 171 15 
24453 26 164 188 21 
27174 26 179 189 21 
1092 26 184 186 24 
22791 26 193 206 21 
30298 26 272 291 23 
48762 27 151 159 14 
43234 27 182 196 20 
49610 27 208 215 22 
34986 28 148 190 19 
2792 28 152 164 18 
30822 28 204 206 19 
31162 29 177 198 22 
44313 29 188 210 21 
28034 29 219 251 23 
3170 29 246 255 25 
20275 30 160 195 16 
3988 31 218 230 25 
4856 32 175 180 31 
46703 33 202 222 26 
11945 33 237 259 22 
43407 36 248 293 34 
13782 36 250 265 30 
4745 36 263 269 34 
6850 38 198 260 25 
18357 38 324 325 24 
4018 39 249 266 27 
33389 39 265 295 28 
7331 40 245 273 18 
48399 40 315 316 32 
30761 42 367 379 39 
40514 43 314 340 35 
46405 62 502 511 57 
27678 64 592 613 58 
21380 78 202 447 54 
10149 80 698 734 68 
8724 82 302 421 39 
5187 88 641 644 64 
35006 93 712 839 84 
44240 96 855 913 87 
32828 116 878 892 87 
6689 118 958 1027 98 
13702 137 1144 1157 133 
26622 150 1413 1445 133 
46949 158 1162 1229 142 
17144 312 455 499 0 
10853 354 1040 1115 128 
