169 5
18122 0 160 21 1 
13790 0 177 168 19 
47038 0 235 222 17 
33133 8 165 155 26 
40391 8 208 158 29 
38292 9 162 153 18 
4810 10 175 138 14 
5102 11 174 167 13 
37453 12 166 153 18 
24796 12 168 165 25 
27606 12 169 144 20 
10402 12 171 151 16 
23126 12 174 154 22 
39411 12 178 134 22 
17795 13 167 162 20 
10212 13 176 162 23 
46299 13 188 176 20 
7815 13 214 188 15 
31758 14 146 143 19 
32064 14 167 148 17 
30315 14 168 167 15 
2504 14 169 155 17 
40787 14 172 165 17 
43271 14 173 172 22 
6007 14 176 162 16 
5621 14 177 165 18 
49609 14 185 178 19 
13278 14 188 168 23 
11091 14 197 161 20 
37306 15 154 151 16 
30307 15 169 159 20 
43846 15 171 161 23 
28707 15 172 156 15 
584 15 173 164 24 
24444 15 179 163 20 
12029 15 179 169 19 
31093 15 195 190 16 
1679 15 198 195 23 
27459 15 202 184 27 
13537 15 203 177 25 
19616 15 203 187 19 
44706 15 210 208 17 
33779 15 212 208 15 
19445 15 226 223 30 
33820 15 228 219 20 
36670 16 156 149 22 
35747 16 173 146 19 
4457 16 174 163 16 
45454 16 174 172 20 
23099 16 176 162 25 
23985 16 180 164 23 
8294 16 181 168 26 
10294 16 184 182 19 
17529 16 187 167 27 
5741 16 190 167 30 
10988 16 190 184 21 
22315 16 197 150 19 
30644 16 208 191 19 
24462 16 209 185 24 
28844 16 219 200 16 
11508 17 152 146 19 
7999 17 155 136 29 
34797 17 160 141 21 
35309 17 162 146 18 
38735 17 168 153 24 
4972 17 178 165 20 
37473 17 181 165 26 
48562 17 188 173 18 
7838 17 189 184 22 
44318 17 198 188 25 
12336 17 205 197 19 
44864 17 206 175 20 
48931 17 211 173 27 
21269 17 212 199 24 
2664 17 246 178 17 
28600 18 163 157 18 
15332 18 163 161 19 
12117 18 171 164 20 
4060 18 180 148 25 
39653 18 181 171 22 
34639 18 188 183 19 
35481 18 195 171 26 
37559 18 197 140 22 
33474 18 203 194 23 
24320 18 278 275 23 
40863 19 160 145 21 
1801 19 165 144 25 
2844 19 167 151 22 
21999 19 176 174 21 
2687 19 180 148 19 
39216 19 181 159 20 
40180 19 182 154 19 
17855 19 189 172 20 
26201 19 189 179 21 
5024 19 195 190 26 
14801 19 198 181 28 
14153 19 200 180 23 
9377 19 281 241 36 
26968 20 160 156 20 
17087 20 167 166 33 
41580 20 169 165 21 
25861 20 170 167 21 
35077 20 171 163 30 
34567 20 172 164 22 
15755 20 176 151 30 
14991 20 182 148 21 
39164 20 183 174 22 
33836 20 188 157 24 
21205 20 190 177 20 
48028 20 190 177 24 
29893 20 197 194 26 
30798 20 227 192 20 
1510 20 308 281 32 
17315 21 156 145 24 
33651 21 171 141 25 
22711 21 175 159 22 
4613 21 187 173 21 
21531 21 199 175 21 
815 21 200 183 24 
8236 21 277 257 31 
23953 21 297 289 36 
7217 22 149 148 25 
25205 22 173 168 22 
4077 22 174 159 22 
4069 22 180 171 23 
21578 22 181 178 24 
18647 22 185 166 27 
45764 22 195 170 24 
4197 22 237 205 25 
19182 22 301 291 26 
7241 23 181 172 29 
45504 23 212 211 35 
36288 23 254 244 32 
15174 23 265 232 23 
36932 23 284 248 35 
29450 23 288 282 39 
32838 23 337 292 29 
49267 24 195 182 26 
402 24 210 201 29 
27628 24 248 227 28 
30772 25 186 150 29 
15318 25 201 188 28 
17563 25 230 221 33 
15903 26 182 167 27 
35862 26 195 190 28 
26351 26 246 244 29 
7369 26 278 238 29 
4205 26 688 269 33 
22405 28 236 197 32 
40632 28 285 266 36 
36362 28 313 297 40 
6380 31 270 246 33 
31102 31 310 308 31 
15751 32 322 299 45 
9002 35 270 225 47 
6752 35 348 322 41 
5382 35 383 323 39 
30539 36 497 271 194 
33151 60 572 533 65 
3862 61 369 234 157 
6672 73 737 328 198 
19239 88 820 784 110 
37481 94 760 739 95 
25361 95 695 391 149 
8062 97 692 463 99 
48728 103 889 866 109 
20846 104 1121 1021 119 
22095 121 919 911 327 
27995 176 1566 1357 197 
