1364 5
41987 7 146 164 10 18.2353 
2747 9 155 175 11 16.5 
1414 10 156 166 15 12.88 
20309 10 167 167 16 12.8462 
24508 10 169 174 19 11.8276 
4810 10 175 138 14 13.0417 
36525 11 149 139 8 15.1579 
5102 11 174 167 13 14.2083 
39501 12 147 164 16 11.1071 
35368 12 163 171 20 10.4375 
37453 12 166 153 18 10.6333 
9287 12 168 169 14 12.9615 
17504 12 168 173 17 11.7586 
13769 12 168 207 22 11.0294 
27606 12 169 144 20 9.78125 
10402 12 171 151 16 11.5 
23126 12 174 154 22 9.64706 
39411 12 178 134 22 9.17647 
46903 12 178 184 21 10.9697 
4906 12 192 198 19 12.5806 
8504 13 142 187 22 9.4 
8746 13 156 166 18 10.3871 
6676 13 158 182 10 14.7826 
17795 13 167 162 20 9.9697 
3239 13 173 177 17 11.6667 
10212 13 176 162 23 9.38889 
46299 13 188 176 20 11.0303 
7815 13 214 188 15 14.3571 
5210 14 137 172 16 10.3 
421 14 142 158 14 10.7143 
31758 14 146 143 19 8.75758 
30660 14 154 166 16 10.6667 
36081 14 157 174 21 9.45714 
26771 14 158 160 18 9.9375 
15340 14 162 177 22 9.41667 
32064 14 167 148 17 10.1613 
45491 14 167 178 16 11.5 
30315 14 168 167 15 11.5517 
2504 14 169 155 17 10.4516 
40787 14 172 165 17 10.871 
22588 14 172 173 23 9.32432 
43271 14 173 172 22 9.58333 
10154 14 174 186 12 13.8462 
6007 14 176 162 16 11.2667 
5621 14 177 165 18 10.6875 
30898 14 178 186 15 12.5517 
49609 14 185 178 19 11 
13278 14 188 168 23 9.62162 
11091 14 197 161 20 10.5294 
45319 14 202 223 18 13.2812 
32597 15 139 148 10 11.48 
21461 15 146 170 19 9.29412 
34487 15 147 147 24 7.53846 
37306 15 154 151 16 9.83871 
48341 15 165 165 16 10.6452 
35237 15 166 178 21 9.55556 
21976 15 167 164 12 12.2593 
28661 15 167 196 20 10.3714 
30307 15 169 159 20 9.37143 
854 15 171 140 13 11.1071 
43846 15 171 161 23 8.73684 
22019 15 172 152 13 11.5714 
28707 15 172 156 15 10.9333 
584 15 173 164 24 8.64103 
14 15 173 187 25 9 
10514 15 174 166 13 12.1429 
44711 15 175 179 19 10.4118 
9896 15 176 182 22 9.67568 
44686 15 177 190 20 10.4857 
1623 15 178 182 21 10 
24444 15 179 163 20 9.77143 
12029 15 179 169 19 10.2353 
33815 15 184 185 28 8.5814 
31093 15 195 190 16 12.4194 
1679 15 198 195 23 10.3421 
27459 15 202 184 27 9.19048 
13537 15 203 177 25 9.5 
19616 15 203 187 19 11.4706 
44706 15 210 208 17 13.0625 
33779 15 212 208 15 14 
33820 15 228 219 20 12.7714 
21510 16 141 174 18 9.26471 
4332 16 146 169 18 9.26471 
36670 16 156 149 22 8.02632 
40214 16 156 165 16 10.0312 
33727 16 160 159 9 12.76 
37832 16 163 197 20 10 
30199 16 164 167 12 11.8214 
46164 16 168 169 16 10.5312 
25188 16 170 202 21 10.0541 
35747 16 173 146 19 9.11429 
4457 16 174 163 16 10.5312 
45454 16 174 172 20 9.61111 
23099 16 176 162 25 8.2439 
4251 16 179 163 14 11.4 
23985 16 180 164 23 8.82051 
8294 16 181 168 26 8.30952 
10294 16 184 182 19 10.4571 
17529 16 187 167 27 8.23256 
5741 16 190 167 30 7.76087 
10988 16 190 184 21 10.1081 
12152 16 196 196 29 8.71111 
22315 16 197 150 19 9.91429 
30644 16 208 191 19 11.4 
24462 16 209 185 24 9.85 
22685 16 213 215 10 16.4615 
17188 16 214 217 17 13.0606 
28844 16 219 200 16 13.0938 
16268 17 137 181 16 9.63636 
19756 17 145 147 18 8.34286 
15086 17 145 155 22 7.69231 
10483 17 146 158 11 10.8571 
11508 17 152 146 19 8.27778 
41166 17 152 155 12 10.5862 
35849 17 153 183 18 9.6 
7999 17 155 136 29 6.32609 
2668 17 158 159 17 9.32353 
34797 17 160 141 21 7.92105 
36776 17 160 162 20 8.7027 
35309 17 162 146 18 8.8 
8844 17 164 171 30 7.12766 
15597 17 164 178 15 10.6875 
12683 17 164 186 13 11.6667 
14442 17 165 144 16 9.36364 
20577 17 166 176 18 9.77143 
38735 17 168 153 24 7.82927 
18672 17 169 180 22 8.94872 
10561 17 170 172 21 9 
10201 17 173 182 15 11.0938 
48384 17 175 203 19 10.5 
33855 17 176 181 20 9.64865 
14525 17 177 211 32 7.91837 
4972 17 178 165 20 9.27027 
2546 17 178 181 16 10.8788 
41827 17 179 161 12 11.7241 
37473 17 181 165 26 8.04651 
35954 17 182 178 14 11.6129 
35287 17 186 196 21 10.0526 
48562 17 188 173 18 10.3143 
7838 17 189 184 22 9.5641 
2979 17 189 197 22 9.89744 
44318 17 198 188 25 9.19048 
12336 17 205 197 19 11.1667 
44864 17 206 175 20 10.2973 
48931 17 211 173 27 8.72727 
21269 17 212 199 24 10.0244 
2664 17 246 178 17 12.4706 
47693 18 123 179 23 7.36585 
27115 18 127 177 21 7.79487 
1178 18 150 157 17 8.77143 
20719 18 151 153 19 8.21622 
15108 18 151 182 20 8.76316 
44612 18 156 142 17 8.51429 
44977 18 163 137 13 9.67742 
28600 18 163 157 18 8.88889 
15332 18 163 161 19 8.75676 
21324 18 163 174 19 9.10811 
3275 18 165 185 18 9.72222 
34608 18 166 176 10 12.2143 
22626 18 167 192 16 10.5588 
19475 18 169 161 14 10.3125 
37263 18 170 169 14 10.5938 
12117 18 171 164 20 8.81579 
7874 18 171 206 21 9.66667 
43661 18 172 197 18 10.25 
4021 18 177 146 14 10.0938 
14756 18 178 184 15 10.9697 
4060 18 180 148 25 7.62791 
34806 18 180 167 13 11.1935 
39653 18 181 171 22 8.8 
20559 18 188 179 17 10.4857 
34639 18 188 183 19 10.027 
15521 18 188 198 21 9.89744 
44965 18 190 158 11 12 
35481 18 195 171 26 8.31818 
37559 18 197 140 22 8.425 
33474 18 203 194 23 9.68293 
10051 18 239 239 20 12.5789 
24320 18 278 275 23 13.4878 
14148 19 135 175 19 8.15789 
19973 19 137 186 13 10.0938 
24724 19 138 151 19 7.60526 
15944 19 146 181 22 7.97561 
17430 19 154 162 13 9.875 
35622 19 156 150 13 9.5625 
12228 19 159 180 26 7.53333 
40863 19 160 145 21 7.625 
27735 19 161 144 14 9.24242 
39996 19 161 174 22 8.17073 
39171 19 163 183 17 9.61111 
8784 19 164 192 16 10.1714 
1801 19 165 144 25 7.02273 
25283 19 166 175 19 8.97368 
2844 19 167 151 22 7.7561 
12597 19 168 180 19 9.15789 
33852 19 171 182 16 10.0857 
10 19 171 188 22 8.7561 
35520 19 171 201 20 9.53846 
30857 19 172 179 29 7.3125 
7115 19 172 195 22 8.95122 
25259 19 173 184 16 10.2 
14758 19 174 152 14 9.87879 
34761 19 174 193 17 10.1944 
21999 19 176 174 21 8.75 
41158 19 176 186 19 9.52632 
32524 19 176 191 13 11.4688 
27207 19 177 158 14 10.1515 
47767 19 177 197 19 9.84211 
2687 19 180 148 19 8.63158 
39216 19 181 159 20 8.71795 
40180 19 182 154 19 8.84211 
34142 19 183 187 25 8.40909 
44219 19 183 201 17 10.6667 
9911 19 184 151 16 9.57143 
45804 19 185 195 25 8.63636 
22687 19 187 188 16 10.7143 
17855 19 189 172 20 9.25641 
26201 19 189 179 21 9.2 
14270 19 194 210 15 11.8824 
5024 19 195 190 26 8.55556 
14801 19 198 181 28 8.06383 
14153 19 200 180 23 9.04762 
29926 19 201 226 23 10.1667 
17467 19 202 206 16 11.6571 
25103 19 209 206 16 11.8571 
14191 19 215 228 29 9.22917 
26167 19 231 242 17 13.1389 
24103 19 235 268 18 13.5946 
9377 19 281 241 36 9.49091 
38679 20 141 155 18 7.78947 
7096 20 145 177 16 8.94444 
27656 20 146 176 11 10.3871 
25678 20 152 179 20 8.275 
38711 20 153 164 24 7.20455 
39299 20 154 163 17 8.56757 
37910 20 154 164 27 6.76596 
16391 20 155 138 12 9.15625 
10595 20 158 212 21 9.02439 
26968 20 160 156 20 7.9 
37291 20 160 169 26 7.15217 
14692 20 163 179 19 8.76923 
17087 20 167 166 33 6.28302 
45059 20 167 182 17 9.43243 
16753 20 169 152 13 9.72727 
41580 20 169 165 21 8.14634 
14934 20 169 171 21 8.29268 
25446 20 170 163 15 9.51429 
25861 20 170 167 21 8.21951 
49467 20 170 171 14 10.0294 
35077 20 171 163 30 6.68 
39403 20 171 171 25 7.6 
34567 20 172 164 22 8 
31045 20 175 195 18 9.73684 
15755 20 176 151 30 6.54 
24910 20 181 200 20 9.525 
14991 20 182 148 21 8.04878 
39164 20 183 174 22 8.5 
46994 20 186 207 28 8.1875 
33836 20 188 157 24 7.84091 
21205 20 190 177 20 9.175 
48028 20 190 177 24 8.34091 
14447 20 191 197 13 11.7576 
34559 20 192 186 13 11.4545 
29893 20 197 194 26 8.5 
47297 20 202 202 31 7.92157 
10706 20 219 219 20 10.95 
30798 20 227 192 20 10.475 
1510 20 308 281 32 11.3269 
25435 21 146 162 14 8.8 
31829 21 146 166 13 9.17647 
9034 21 148 147 19 7.375 
12868 21 152 180 17 8.73684 
14548 21 152 180 24 7.37778 
17315 21 156 145 24 6.68889 
21916 21 161 179 19 8.5 
9575 21 163 162 19 8.125 
45369 21 163 180 19 8.575 
9057 21 165 173 15 9.38889 
47117 21 169 174 21 8.16667 
29267 21 170 181 13 10.3235 
33651 21 171 141 25 6.78261 
19656 21 171 210 25 8.28261 
7406 21 172 158 12 10 
8611 21 173 176 19 8.725 
47016 21 173 211 22 8.93023 
174 21 174 188 26 7.70213 
22711 21 175 159 22 7.76744 
48752 21 177 198 17 9.86842 
19459 21 179 163 16 9.24324 
46433 21 179 189 13 10.8235 
29904 21 180 183 26 7.7234 
37934 21 181 177 16 9.67568 
4613 21 187 173 21 8.57143 
26925 21 188 150 16 9.13514 
10916 21 189 161 12 10.6061 
11572 21 189 178 17 9.65789 
11657 21 190 191 25 8.28261 
32691 21 195 181 17 9.89474 
49220 21 196 213 22 9.51163 
21531 21 199 175 21 8.90476 
815 21 200 183 24 8.51111 
22165 21 200 208 27 8.5 
37779 21 200 221 31 8.09615 
22360 21 207 279 28 9.91837 
27891 21 215 222 17 11.5 
8236 21 277 257 31 10.2692 
23953 21 297 289 36 10.2807 
14251 22 143 157 20 7.14286 
33951 22 146 153 17 7.66667 
7217 22 149 148 25 6.31915 
49019 22 151 152 23 6.73333 
28783 22 152 161 16 8.23684 
19890 22 153 193 19 8.43902 
30692 22 160 170 19 8.04878 
29071 22 163 191 18 8.85 
48893 22 164 160 16 8.52632 
4641 22 170 183 17 9.05128 
25205 22 173 168 22 7.75 
4077 22 174 159 22 7.56818 
45208 22 178 175 20 8.40476 
18276 22 179 216 21 9.18605 
4069 22 180 171 23 7.8 
25729 22 180 182 21 8.4186 
21578 22 181 178 24 7.80435 
4842 22 184 200 27 7.83673 
18647 22 185 166 27 7.16327 
44002 22 187 175 20 8.61905 
35349 22 190 223 22 9.38636 
26158 22 192 187 16 9.97368 
45764 22 195 170 24 7.93478 
15510 22 197 201 25 8.46809 
33678 22 198 164 19 8.82927 
30241 22 201 213 28 8.28 
33210 22 232 228 21 10.6977 
36208 22 234 200 14 12.0556 
4197 22 237 205 25 9.40426 
1146 22 268 300 34 10.1429 
19182 22 301 291 26 12.3333 
13152 23 132 180 25 6.5 
39154 23 151 157 19 7.33333 
3252 23 158 162 24 6.80851 
27335 23 158 168 14 8.81081 
4747 23 159 166 20 7.55814 
13967 23 159 166 24 6.91489 
29935 23 167 184 18 8.56098 
24092 23 173 171 16 8.82051 
46179 23 176 174 20 8.13953 
29377 23 176 189 17 9.125 
40529 23 177 198 13 10.4167 
38329 23 177 223 25 8.33333 
49043 23 178 281 39 7.40323 
15052 23 179 188 18 8.95122 
7241 23 181 172 29 6.78846 
13199 23 183 184 15 9.65789 
8727 23 183 190 24 7.93617 
27198 23 190 200 30 7.35849 
19564 23 192 187 18 9.2439 
1165 23 195 164 13 9.97222 
46380 23 203 185 18 9.46341 
37589 23 205 187 20 9.11628 
41448 23 208 148 17 8.9 
45504 23 212 211 35 7.2931 
16706 23 215 176 21 8.88636 
17328 23 218 200 19 9.95238 
32986 23 229 230 25 9.5625 
762 23 234 462 43 10.5455 
39276 23 244 241 19 11.5476 
7881 23 245 248 26 10.0612 
36288 23 254 244 32 9.05455 
15174 23 265 232 23 10.8043 
36932 23 284 248 35 9.17241 
29450 23 288 282 39 9.19355 
32838 23 337 292 29 12.0962 
27086 24 164 157 20 7.29545 
40715 24 165 177 17 8.34146 
13223 24 167 187 23 7.53191 
30720 24 168 169 22 7.32609 
38277 24 170 199 18 8.78571 
19494 24 172 169 18 8.11905 
40710 24 176 194 19 8.60465 
19746 24 180 197 28 7.25 
2907 24 184 168 13 9.51351 
26165 24 185 168 20 8.02273 
24319 24 188 178 20 8.31818 
563 24 192 210 27 7.88235 
49267 24 195 182 26 7.54 
39141 24 200 223 26 8.46 
390 24 202 226 19 9.95349 
1112 24 205 230 26 8.7 
21553 24 207 175 17 9.31707 
402 24 210 201 29 7.75472 
42759 24 239 465 46 10.0571 
14802 24 240 469 41 10.9077 
27628 24 248 227 28 9.13462 
41309 24 287 562 47 11.9577 
48350 24 505 573 25 22 
39131 25 138 165 20 6.73333 
13206 25 156 135 16 7.09756 
5974 25 156 145 21 6.54348 
21216 25 158 156 13 8.26316 
48169 25 159 172 17 7.88095 
36856 25 161 180 21 7.41304 
11133 25 164 177 21 7.41304 
46266 25 164 184 24 7.10204 
34124 25 167 184 24 7.16327 
12921 25 170 192 24 7.38776 
18231 25 175 201 28 7.09434 
17582 25 176 136 15 7.8 
39520 25 176 187 23 7.5625 
6587 25 179 186 23 7.60417 
12595 25 180 161 18 7.93023 
30772 25 186 150 29 6.22222 
12148 25 189 192 13 10.0263 
11594 25 190 209 22 8.48936 
10663 25 197 172 17 8.78571 
49281 25 198 203 14 10.2821 
15318 25 201 188 28 7.33962 
16700 25 202 208 19 9.31818 
17563 25 230 221 33 7.77586 
19938 25 239 266 22 10.7447 
15361 25 241 260 19 11.3864 
23182 25 290 516 49 10.8919 
49724 26 147 156 26 5.82692 
28951 26 150 178 21 6.97872 
6522 26 161 171 15 8.09756 
24453 26 164 188 21 7.48936 
27174 26 179 189 21 7.82979 
15903 26 182 167 27 6.58491 
1092 26 184 186 24 7.4 
37322 26 185 146 18 7.52273 
9444 26 189 182 18 8.43182 
49392 26 190 185 24 7.5 
22645 26 191 202 28 7.27778 
22791 26 193 206 21 8.48936 
34224 26 194 176 15 9.02439 
35862 26 195 190 28 7.12963 
48225 26 196 163 23 7.32653 
12738 26 219 223 27 8.33962 
38219 26 225 444 51 8.68831 
8005 26 226 186 22 8.58333 
6005 26 227 195 24 8.44 
40101 26 231 445 46 9.38889 
6283 26 244 444 48 9.2973 
26351 26 246 244 29 8.90909 
30298 26 272 291 23 11.4898 
7369 26 278 238 29 9.38182 
12484 26 279 535 50 10.7105 
17899 26 285 291 31 10.1053 
13335 26 285 524 48 10.9324 
7689 26 290 504 46 11.0278 
6389 26 303 321 35 10.2295 
48762 27 151 159 14 7.56098 
43234 27 182 196 20 8.04255 
11119 27 186 203 28 7.07273 
44745 27 190 182 17 8.45455 
37445 27 199 198 15 9.45238 
43946 27 207 205 23 8.24 
49610 27 208 215 22 8.63265 
33072 27 219 238 33 7.61667 
28073 27 221 236 31 7.87931 
8198 27 232 455 51 8.80769 
23080 27 242 480 52 9.13924 
23434 27 251 492 52 9.40506 
23355 27 260 502 48 10.16 
31511 27 272 532 48 10.72 
3820 27 287 565 51 10.9231 
34986 28 148 190 19 7.19149 
2792 28 152 164 18 6.86957 
19205 28 175 202 37 5.8 
10392 28 199 203 29 7.05263 
30822 28 204 206 19 8.7234 
14580 28 213 202 26 7.68519 
11167 28 230 203 26 8.01852 
22405 28 236 197 32 7.21667 
5774 28 242 477 40 10.5735 
11919 28 254 472 46 9.81081 
40632 28 285 266 36 8.60938 
36362 28 313 297 40 8.97059 
31957 29 176 221 29 6.84483 
31162 29 177 198 22 7.35294 
2750 29 183 145 18 6.97872 
44313 29 188 210 21 7.96 
25694 29 214 201 18 8.82979 
28034 29 219 251 23 9.03846 
24342 29 228 194 22 8.27451 
3170 29 246 255 25 9.27778 
24521 29 253 484 55 8.77381 
7887 29 258 509 55 9.13095 
10315 29 258 510 52 9.48148 
36245 29 261 502 54 9.19277 
38806 29 275 498 44 10.589 
46774 29 279 502 51 9.7625 
271 29 295 321 45 8.32432 
4036 29 301 544 37 12.803 
19378 29 309 600 56 10.6941 
8819 29 336 364 41 10 
20275 30 160 195 16 7.71739 
40335 30 243 227 28 8.10345 
48460 30 244 249 36 7.4697 
389 30 244 473 55 8.43529 
626 30 245 463 52 8.63415 
21556 30 258 496 57 8.66667 
18587 30 288 521 55 9.51765 
7868 30 289 573 57 9.90805 
3659 30 294 571 55 10.1765 
9022 30 297 535 53 10.0241 
14930 30 310 558 56 10.093 
30455 30 320 627 57 10.8851 
3988 31 218 230 25 8 
42220 31 222 194 17 8.66667 
14324 31 238 473 56 8.17241 
1958 31 244 473 59 7.96667 
38139 31 253 503 53 9 
3986 31 261 243 21 9.69231 
35594 31 266 514 50 9.62963 
48149 31 269 244 24 9.32727 
29804 31 269 503 54 9.08235 
6380 31 270 246 33 8.0625 
46700 31 286 544 58 9.32584 
33811 31 289 563 61 9.26087 
31102 31 310 308 31 9.96774 
40135 32 174 135 20 5.94231 
4856 32 175 180 31 5.63492 
17549 32 207 177 22 7.11111 
4965 32 214 194 24 7.28571 
33292 32 220 205 17 8.67347 
44739 32 232 217 24 8.01786 
39026 32 262 515 63 8.17895 
21285 32 272 268 29 8.85246 
9742 32 287 563 59 9.34066 
11912 32 289 519 63 8.50526 
15751 32 322 299 45 8.06494 
30883 32 327 569 47 11.3418 
28345 32 420 218 20 12.2692 
2905 32 515 340 18 17.1 
36851 33 177 176 21 6.53704 
46703 33 202 222 26 7.18644 
22114 33 205 196 17 8.02 
2330 33 229 228 17 9.14 
24872 33 233 451 58 7.51648 
11945 33 237 259 22 9.01818 
27769 33 240 218 25 7.89655 
11275 33 271 520 64 8.15464 
29637 33 285 525 61 8.61702 
15060 33 290 527 62 8.6 
40703 33 299 582 65 8.9898 
5734 33 307 605 57 10.1333 
39699 33 316 275 26 10.0169 
24582 33 316 565 59 9.57609 
39847 33 331 581 58 10.022 
36718 33 385 683 64 11.0103 
42146 34 244 180 20 7.85185 
15130 34 244 442 55 7.70787 
6025 34 262 510 57 8.48352 
42302 34 267 488 62 7.86458 
41115 34 274 537 57 8.91209 
7187 34 321 600 66 9.21 
42474 34 335 503 67 8.29703 
1854 34 426 683 67 10.9802 
47015 34 486 261 21 13.5818 
20930 35 222 246 40 6.24 
48116 35 262 505 57 8.33696 
43531 35 266 245 28 8.11111 
49087 35 267 265 28 8.44444 
9002 35 270 225 47 6.03659 
21759 35 279 500 49 9.27381 
15968 35 322 619 64 9.50505 
11490 35 333 595 69 8.92308 
11467 35 340 562 69 8.67308 
8773 35 343 638 67 9.61765 
24413 35 347 577 69 8.88462 
6752 35 348 322 41 8.81579 
5382 35 383 323 39 9.54054 
43407 36 248 293 34 7.72857 
13782 36 250 265 30 7.80303 
4745 36 263 269 34 7.6 
45979 36 301 600 70 8.5 
5037 36 302 598 68 8.65385 
21436 36 314 308 31 9.28358 
29526 36 325 615 61 9.69072 
5747 36 336 573 60 9.46875 
1927 36 337 633 67 9.41748 
32827 36 496 249 25 12.2131 
2877 37 259 509 73 6.98182 
24756 37 280 322 43 7.525 
43585 37 280 557 59 8.71875 
49616 37 296 560 68 8.15238 
18245 37 310 607 71 8.49074 
8344 37 331 606 63 9.37 
14186 37 340 657 71 9.23148 
12888 37 345 623 70 9.04673 
24480 37 356 650 71 9.31481 
13617 37 371 627 71 9.24074 
26634 37 539 276 24 13.3607 
6850 38 198 260 25 7.26984 
49168 38 270 503 49 8.88506 
47600 38 292 331 42 7.7875 
30678 38 303 287 34 8.19444 
15359 38 305 524 64 8.12745 
10943 38 310 559 69 8.1215 
44727 38 316 564 67 8.38095 
22461 38 318 530 65 8.23301 
18357 38 324 325 24 10.4677 
32418 38 324 487 58 8.44792 
48759 38 326 646 64 9.52941 
27043 38 328 600 62 9.28 
17592 38 355 584 75 8.30973 
41020 38 356 623 72 8.9 
18518 38 360 628 68 9.32075 
10546 38 361 605 75 8.54867 
31563 38 396 590 72 8.96364 
22035 38 501 263 22 12.7333 
19438 38 689 385 37 14.32 
4018 39 249 266 27 7.80303 
33389 39 265 295 28 8.35821 
32959 39 311 542 59 8.70408 
34744 39 325 632 67 9.0283 
15962 39 329 593 70 8.45872 
42561 39 330 587 70 8.41284 
26532 39 334 626 72 8.64865 
42698 39 341 603 66 8.99048 
30102 39 365 611 62 9.66337 
34446 39 365 633 76 8.67826 
27098 39 368 619 73 8.8125 
17117 39 377 663 72 9.36937 
38722 39 377 691 71 9.70909 
48927 39 384 607 77 8.5431 
18290 39 384 702 70 9.9633 
42145 39 387 578 75 8.46491 
6588 39 387 703 77 9.39655 
23596 39 402 704 69 10.2407 
30806 39 425 694 68 10.4579 
35974 39 460 776 76 10.7478 
48399 40 315 316 32 8.76389 
5685 40 315 612 77 7.92308 
41071 40 321 581 63 8.75728 
26734 40 332 564 72 8 
7998 40 334 609 79 7.92437 
25884 40 340 620 70 8.72727 
33003 40 358 658 58 10.3673 
40441 40 366 641 69 9.23853 
23363 40 367 689 70 9.6 
24987 40 376 648 72 9.14286 
7872 40 377 361 29 10.6957 
1998 40 377 703 66 10.1887 
9677 40 379 645 69 9.3945 
2479 40 386 672 66 9.98113 
43393 41 295 277 39 7.15 
42566 41 335 314 35 8.53947 
12463 41 349 632 79 8.175 
7351 41 351 617 60 9.58416 
9820 41 361 683 79 8.7 
40596 41 365 569 70 8.41441 
2190 41 365 712 50 11.8352 
40246 41 367 666 81 8.46721 
18970 41 375 687 69 9.65455 
21877 41 399 673 69 9.74545 
28313 41 462 253 25 10.8333 
49683 42 358 592 71 8.40708 
46226 42 362 629 65 9.26168 
44992 42 366 672 80 8.5082 
30761 42 367 379 39 9.20988 
16194 42 369 664 78 8.60833 
29768 42 407 707 78 9.28333 
14088 42 428 599 75 8.77778 
44806 42 438 684 76 9.50847 
32383 43 296 545 72 7.31304 
40514 43 314 340 35 8.38462 
20311 43 347 609 59 9.37255 
7713 43 347 628 79 7.9918 
36827 43 370 595 73 8.31897 
8527 43 398 778 85 9.1875 
39246 43 399 698 64 10.2523 
7967 43 416 721 83 9.02381 
30643 43 500 783 70 11.354 
41434 43 539 288 24 12.3433 
26025 44 284 282 34 7.25641 
14256 44 346 331 38 8.2561 
2874 44 376 715 86 8.39231 
8226 44 398 632 86 7.92308 
18156 44 419 749 78 9.57377 
12526 44 442 653 68 9.77679 
49568 44 481 746 77 10.1405 
49106 44 523 732 87 9.58015 
34272 44 530 277 26 11.5286 
16489 44 567 325 36 11.15 
47575 45 337 626 88 7.2406 
36461 45 341 647 65 8.98182 
37940 45 356 709 73 9.02542 
43125 45 364 309 31 8.85526 
18423 45 371 586 81 7.59524 
23986 45 379 559 67 8.375 
43969 45 379 708 80 8.696 
27375 45 391 669 83 8.28125 
13622 45 436 682 85 8.6 
45949 45 461 784 89 9.29104 
1331 45 506 281 26 11.0845 
22551 46 313 567 76 7.21311 
464 46 346 574 78 7.41935 
39123 46 377 644 81 8.03937 
23446 46 399 706 83 8.56589 
41146 46 425 679 73 9.27731 
36641 46 431 774 76 9.87705 
35454 46 432 736 86 8.84848 
18594 46 441 699 74 9.5 
21893 46 459 236 24 9.92857 
3504 46 462 748 78 9.75806 
23678 46 473 740 88 9.05224 
35306 46 512 829 91 9.78832 
33958 46 514 790 85 9.9542 
7723 47 350 654 82 7.78295 
33746 47 374 673 76 8.5122 
10600 47 385 613 70 8.52991 
43831 47 389 656 78 8.36 
48938 47 422 724 87 8.55224 
20394 47 433 721 83 8.87692 
34389 47 447 711 90 8.45255 
39659 47 467 845 87 9.79104 
38551 47 476 793 93 9.06429 
28046 47 509 699 86 9.08271 
31819 47 514 804 91 9.55072 
47384 47 533 268 27 10.8243 
29520 47 564 796 82 10.5426 
27906 47 566 302 26 11.8904 
15940 47 627 703 87 9.92537 
1769 48 372 606 85 7.35338 
35473 48 385 730 77 8.92 
28278 48 400 681 66 9.48246 
18561 48 402 739 83 8.70992 
27989 48 431 719 78 9.12698 
6722 48 431 795 82 9.43077 
34122 48 443 224 30 8.55128 
38290 48 445 250 29 9.02597 
12766 48 452 452 51 9.13131 
41634 48 483 244 27 9.69333 
39570 48 486 851 85 10.0526 
33039 48 487 255 26 10.027 
33467 49 374 644 79 7.95312 
2220 49 464 237 26 9.34667 
18111 49 504 754 94 8.7972 
18030 49 506 257 29 9.78205 
4733 50 371 684 78 8.24219 
27601 50 432 727 73 9.42276 
38836 50 434 730 81 8.8855 
19819 50 445 777 97 8.31293 
11320 50 448 241 26 9.06579 
39578 50 478 777 94 8.71528 
17973 50 488 805 90 9.23571 
40112 50 493 763 95 8.66207 
39517 50 540 280 31 10.1235 
36452 50 541 860 96 9.59589 
37504 50 545 883 93 9.98601 
49194 51 470 799 96 8.63265 
5975 51 478 708 87 8.5942 
47638 51 489 264 29 9.4125 
2315 51 490 753 72 10.1057 
24439 51 509 261 31 9.39024 
16424 51 513 802 83 9.81343 
344 51 527 862 98 9.32215 
9324 52 401 657 85 7.72263 
3308 52 417 729 82 8.55224 
44508 52 435 675 82 8.28358 
16952 52 438 758 81 8.99248 
41983 52 465 735 89 8.51064 
21066 52 470 727 82 8.93284 
30110 52 480 930 87 10.1439 
39787 52 484 768 92 8.69444 
4149 52 487 250 27 9.32911 
32924 52 488 785 96 8.60135 
29492 52 499 602 59 9.91892 
30928 52 512 814 65 11.3333 
6670 52 532 741 84 9.36029 
30733 52 536 269 33 9.47059 
28423 52 536 276 32 9.66667 
9306 52 543 833 91 9.62238 
49180 52 562 891 96 9.81757 
30101 52 587 310 38 9.96667 
33432 53 376 694 88 7.58865 
15712 53 440 763 89 8.47183 
4584 53 449 800 100 8.1634 
29232 53 468 237 28 8.7037 
39822 53 508 717 82 9.07407 
9549 53 509 277 30 9.46988 
4147 53 514 908 96 9.54362 
13467 53 523 726 99 8.21711 
3580 53 600 343 27 11.7875 
4867 54 373 646 75 7.89922 
8528 54 377 668 79 7.85714 
14472 54 433 775 88 8.50704 
26672 54 486 286 29 9.3012 
40269 54 488 805 100 8.3961 
18038 54 503 766 76 9.76154 
23393 54 508 829 95 8.97315 
7789 54 512 790 103 8.29299 
4981 54 514 269 28 9.54878 
48318 54 522 798 92 9.0411 
36082 54 523 816 100 8.69481 
28717 54 542 288 29 10 
32733 54 567 300 28 10.5732 
23460 54 582 596 64 9.98305 
22116 54 591 301 28 10.878 
1337 54 603 912 107 9.40994 
20692 55 404 756 82 8.46715 
8384 55 466 698 88 8.13986 
9181 55 483 722 86 8.5461 
30597 55 506 762 87 8.92958 
32002 55 530 787 100 8.49677 
31365 55 533 872 103 8.89241 
11558 55 540 286 30 9.71765 
34746 55 560 291 30 10.0118 
17507 55 562 897 101 9.35256 
13021 55 564 797 101 8.72436 
28214 55 574 815 90 9.57931 
37523 55 577 869 109 8.81707 
39096 55 614 867 101 9.49359 
22803 55 628 321 30 11.1647 
31076 55 631 365 32 11.4483 
15774 55 678 910 106 9.86335 
10974 56 437 754 92 8.0473 
10251 56 473 254 31 8.35632 
47697 56 480 770 93 8.38926 
13343 56 483 854 85 9.48227 
4930 56 485 273 30 8.81395 
16689 56 503 928 100 9.17308 
46996 56 529 275 32 9.13636 
39641 56 562 879 88 10.0069 
5371 56 677 948 106 10.0309 
17279 57 441 500 68 7.528 
5551 57 472 735 79 8.875 
4532 57 494 263 32 8.50562 
40298 57 497 753 74 9.54198 
14687 57 525 698 86 8.55245 
39086 57 564 793 91 9.16892 
33027 57 570 808 94 9.12583 
6759 57 579 786 90 9.28571 
8592 57 638 385 29 11.8953 
43693 58 483 717 76 8.95522 
46789 58 492 735 96 7.96753 
28670 58 522 794 80 9.53623 
44886 58 554 811 84 9.61268 
21533 58 564 308 36 9.2766 
24644 58 584 873 98 9.33974 
46490 58 597 924 114 8.84302 
1490 58 627 515 56 10.0175 
11141 58 629 341 35 10.4301 
26851 59 404 763 96 7.52903 
44758 59 439 859 97 8.32051 
87 59 451 824 80 9.17266 
37946 59 458 724 91 7.88 
18854 59 473 722 97 7.66026 
34460 59 478 800 97 8.19231 
14139 59 518 298 33 8.86957 
43550 59 550 293 36 8.87368 
46321 59 574 784 99 8.59494 
48711 59 579 303 30 9.91011 
6577 59 586 295 36 9.27368 
23188 59 638 850 97 9.53846 
1920 59 671 910 106 9.58182 
16169 60 500 262 44 7.32692 
21131 60 506 262 32 8.34783 
10556 60 521 774 109 7.66272 
10611 60 558 822 108 8.21429 
33151 60 572 533 65 8.84 
7416 60 589 932 107 9.10778 
7973 60 598 910 99 9.48428 
30037 60 641 958 106 9.63253 
7907 61 524 303 32 8.89247 
30633 61 533 835 93 8.88312 
32722 61 535 837 105 8.26506 
34629 61 540 889 80 10.1348 
44639 61 562 305 31 9.42391 
17628 61 578 298 34 9.22105 
12388 61 596 306 32 9.69892 
44767 61 610 317 34 9.75789 
12254 61 654 820 101 9.09877 
5780 61 681 1236 120 10.5912 
927 62 453 240 35 7.14433 
32065 62 491 263 37 7.61616 
27316 62 491 739 90 8.09211 
46405 62 502 511 57 8.51261 
39709 62 503 846 104 8.12651 
12026 62 516 278 37 8.0202 
6888 62 540 285 33 8.68421 
13983 62 560 294 33 8.98947 
48226 62 565 291 32 9.10638 
8405 62 572 931 122 8.16848 
32060 62 573 312 34 9.21875 
14294 62 583 810 104 8.39157 
4756 62 610 312 40 9.03922 
14230 62 620 385 36 10.2551 
5087 62 638 931 109 9.17544 
2024 62 643 326 38 9.69 
29023 63 503 475 56 8.21849 
15824 63 508 305 35 8.29592 
2861 63 516 879 109 8.11047 
13028 63 537 300 36 8.45455 
4299 63 540 348 44 8.29907 
5071 63 541 281 33 8.5625 
41717 63 556 916 101 8.97561 
36282 63 557 893 119 7.96703 
15638 63 559 302 34 8.87629 
46863 63 585 315 36 9.09091 
11114 63 593 848 87 9.60667 
26248 63 611 325 33 9.75 
41017 63 732 1025 120 9.60109 
3567 63 769 505 58 10.5289 
14583 64 568 844 106 8.30588 
21472 64 584 944 82 10.4658 
27678 64 592 613 58 9.87705 
44801 64 602 343 34 9.64286 
25567 64 608 315 33 9.51546 
7734 64 612 1075 115 9.42458 
28408 64 621 334 36 9.55 
15804 64 626 358 41 9.37143 
10802 64 656 1051 110 9.81034 
11178 64 711 437 35 11.596 
41358 65 560 296 38 8.31068 
15834 65 565 331 39 8.61538 
36687 65 572 983 126 8.14136 
4179 65 599 862 95 9.13125 
24599 65 608 324 33 9.5102 
31088 66 540 276 38 7.84615 
16141 66 551 280 34 8.31 
39761 66 568 326 43 8.20183 
33484 66 585 946 110 8.69886 
1727 66 628 328 40 9.01887 
36042 66 629 1010 114 9.10556 
49007 66 630 392 38 9.82692 
38252 66 638 329 35 9.57426 
24731 66 665 428 44 9.93636 
26802 67 468 744 74 8.59574 
45292 67 523 605 92 7.09434 
803 67 543 272 37 7.83654 
6192 67 591 974 107 8.99425 
16036 67 602 311 36 8.86408 
11342 67 602 846 89 9.28205 
882 67 608 319 37 8.91346 
26859 67 609 323 36 9.04854 
23855 67 619 944 116 8.54098 
11310 67 648 949 111 8.97191 
34874 67 649 336 45 8.79464 
18183 67 655 867 106 8.79769 
20239 67 752 1046 128 9.22051 
7788 67 773 1156 116 10.541 
15699 68 543 850 83 9.22517 
22596 68 562 293 37 8.14286 
2938 68 587 321 36 8.73077 
35317 68 629 384 40 9.37963 
33276 68 642 629 66 9.48507 
31543 68 644 974 120 8.60638 
42868 68 659 687 75 9.41259 
39166 68 721 904 103 9.50292 
15397 68 810 589 57 11.192 
6486 69 553 855 98 8.43114 
47987 69 557 313 40 7.98165 
36413 69 558 296 38 7.98131 
45572 69 579 397 46 8.48696 
9584 69 591 353 36 8.99048 
18975 69 596 322 38 8.57944 
8569 69 618 953 114 8.5847 
31160 69 644 341 44 8.71681 
1515 69 665 343 38 9.42056 
22515 70 549 317 41 7.8018 
10248 70 569 902 110 8.17222 
19431 70 596 1175 129 8.8995 
10127 70 623 333 36 9.01887 
28353 70 637 340 42 8.72321 
41939 70 661 1125 118 9.5 
49748 70 664 929 106 9.05114 
33206 70 669 473 42 10.1964 
14090 70 680 428 37 10.3551 
41127 70 684 380 44 9.33333 
3575 70 694 1058 77 11.9184 
12707 70 717 465 43 10.4602 
36266 70 756 1106 126 9.5 
31216 71 600 359 37 8.87963 
48015 71 601 396 46 8.52137 
12140 71 607 387 44 8.64348 
31685 71 614 365 39 8.9 
2088 71 625 906 104 8.74857 
38550 71 626 394 39 9.27273 
34597 71 647 329 40 8.79279 
37683 71 659 403 42 9.39823 
39080 71 664 409 47 9.09322 
9817 71 677 378 64 7.81481 
34888 71 701 433 40 10.2162 
35682 71 725 406 44 9.83478 
23406 71 727 998 111 9.47802 
43670 71 747 458 45 10.3879 
13785 72 518 316 37 7.65138 
35358 72 616 980 98 9.38824 
17683 72 619 341 40 8.57143 
30311 72 621 842 113 7.90811 
15377 72 627 363 37 9.08257 
43781 72 640 326 43 8.4 
43655 72 646 898 118 8.12632 
7948 72 671 393 38 9.67273 
2350 72 671 414 40 9.6875 
42505 72 678 454 44 9.75862 
15120 72 681 402 41 9.58407 
10798 72 688 444 43 9.84348 
5008 72 757 1037 110 9.85714 
39222 73 552 817 87 8.55625 
38352 73 602 372 39 8.69643 
12475 73 610 348 38 8.63063 
13966 73 677 987 106 9.29609 
13227 73 680 399 56 8.36434 
14963 73 715 396 40 9.83186 
5381 73 720 1057 144 8.18894 
19376 73 739 1105 125 9.31313 
34640 73 756 1124 119 9.79167 
12070 74 585 308 38 7.97321 
6768 74 595 571 71 8.04138 
41208 74 598 319 38 8.1875 
16591 74 619 349 38 8.64286 
40315 74 639 395 42 8.91379 
10701 74 653 382 42 8.92241 
2538 74 669 406 43 9.18803 
44391 74 692 359 53 8.27559 
16792 74 697 956 102 9.39205 
24917 74 729 944 114 8.89894 
30400 75 567 363 50 7.44 
7960 75 591 305 39 7.85965 
39190 75 628 394 49 8.24194 
41782 75 636 1093 132 8.35266 
44037 75 643 387 44 8.65546 
42645 75 646 355 42 8.55556 
38770 75 647 417 57 8.06061 
35056 75 658 451 52 8.73228 
9318 75 726 1211 121 9.88265 
3085 75 739 422 41 10.0086 
27685 76 575 889 115 7.66492 
13113 76 614 328 43 7.91597 
10083 76 623 919 115 8.0733 
25930 76 678 445 45 9.28099 
24986 76 687 395 42 9.16949 
30066 76 690 396 49 8.688 
29921 76 728 417 41 9.78632 
388 76 735 434 50 9.27778 
9902 76 743 407 41 9.82906 
15316 76 759 406 42 9.87288 
25772 76 782 480 50 10.0159 
27781 77 669 388 46 8.5935 
8204 77 690 420 46 9.02439 
49268 77 717 476 59 8.77206 
47796 77 745 419 46 9.46341 
25015 77 754 391 45 9.38525 
5560 77 778 1079 134 8.80095 
45634 77 855 578 59 10.5368 
3476 78 567 774 90 7.98214 
32158 78 646 396 43 8.61157 
759 78 667 366 40 8.75424 
11738 78 682 1157 128 8.92718 
32219 78 685 438 45 9.13008 
14726 78 699 354 40 8.92373 
40944 78 721 1030 143 7.92308 
27924 78 735 1166 154 8.19397 
1281 78 784 518 50 10.1719 
15 78 862 1098 121 9.84925 
44182 79 592 1045 109 8.70745 
47772 79 619 342 40 8.07563 
39667 79 633 410 46 8.344 
43847 79 652 410 49 8.29688 
2248 79 755 382 43 9.31967 
30779 79 767 1043 118 9.18782 
39548 79 771 410 46 9.448 
45214 80 594 544 57 8.30657 
24715 80 671 396 46 8.46825 
10149 80 698 734 68 9.67568 
13818 80 782 1336 150 9.2087 
14598 80 795 555 42 11.0656 
3374 81 610 334 47 7.375 
27022 81 668 360 45 8.15873 
34474 81 673 370 44 8.344 
18364 81 676 435 42 9.03252 
10443 81 686 367 43 8.49194 
37677 81 686 573 59 8.99286 
46187 81 693 474 57 8.45652 
43950 81 723 489 41 9.93443 
32224 81 727 431 44 9.264 
18912 81 790 1270 143 9.19643 
2199 81 793 472 48 9.8062 
10217 81 901 1265 131 10.217 
20704 82 612 429 42 8.39516 
22713 82 642 775 97 7.9162 
23116 82 671 392 43 8.504 
45087 82 671 1024 113 8.69231 
17195 82 683 386 52 7.97761 
48666 82 683 392 43 8.6 
16617 82 685 377 44 8.42857 
19925 82 714 636 62 9.375 
17307 82 727 1344 144 9.16372 
8242 82 734 407 47 8.84496 
37129 82 746 463 47 9.37209 
17112 82 753 474 53 9.08889 
3729 82 837 516 70 8.90132 
33129 83 585 937 102 8.22703 
42768 83 629 320 45 7.41406 
26480 83 745 421 48 8.90076 
12885 83 756 460 50 9.14286 
23622 83 806 528 45 10.4219 
36849 84 718 426 46 8.8 
6396 84 746 486 43 9.70079 
47258 84 764 647 60 9.79861 
32746 84 781 458 44 9.67969 
22639 84 786 823 107 8.42408 
49528 84 875 1298 146 9.44783 
35753 85 694 465 54 8.33813 
12575 85 713 435 53 8.31884 
15776 85 755 666 80 8.61212 
11392 85 785 529 58 9.18881 
1811 85 817 1141 128 9.19249 
183 85 818 533 51 9.93382 
36837 85 853 468 49 9.85821 
37379 85 874 555 46 10.9084 
38926 86 713 442 46 8.75 
45281 86 714 997 125 8.109 
6254 86 767 465 58 8.55556 
37578 86 770 483 54 8.95 
15999 86 770 505 49 9.44444 
19204 86 774 473 44 9.59231 
19161 86 871 1267 157 8.79835 
6756 86 921 603 75 9.46584 
11013 87 726 429 48 8.55556 
42650 87 731 423 61 7.7973 
23818 87 757 521 50 9.32847 
10475 87 760 396 44 8.82443 
4041 87 762 502 51 9.15942 
4624 87 803 557 58 9.37931 
5187 88 641 644 64 8.45395 
29941 88 716 473 55 8.31469 
18824 88 718 1177 157 7.73469 
28990 88 719 476 46 8.91791 
2458 88 731 442 45 8.81955 
27128 88 777 955 97 9.36216 
32399 88 806 455 45 9.4812 
22485 88 807 541 62 8.98667 
19239 88 820 784 110 8.10101 
9140 88 835 425 48 9.26471 
49522 89 687 406 49 7.92029 
17387 89 783 545 69 8.40506 
44710 89 810 501 48 9.56934 
29659 89 829 435 51 9.02857 
30851 89 846 558 54 9.81818 
11951 89 886 496 53 9.73239 
12546 90 774 516 48 9.34783 
9908 90 814 537 61 8.94702 
44901 90 854 496 56 9.24658 
26585 90 865 1215 128 9.54128 
45326 90 892 600 49 10.7338 
1329 90 900 498 53 9.77622 
22149 90 916 579 77 8.9521 
29916 91 704 407 47 8.05072 
7720 91 721 395 51 7.85915 
20292 91 758 464 49 8.72857 
16566 91 762 1066 125 8.46296 
9146 91 800 1195 127 9.15138 
3673 91 822 1155 132 8.86547 
33336 91 832 587 54 9.78621 
43377 92 753 478 52 8.54861 
8110 92 777 506 60 8.44079 
4042 92 781 464 47 8.95683 
25373 92 791 557 48 9.62857 
13866 92 821 518 59 8.86755 
36222 92 881 629 53 10.4138 
20358 92 961 1248 144 9.36017 
41658 92 977 1242 132 9.90625 
35006 93 712 839 84 8.76271 
17561 93 743 428 47 8.36429 
34835 93 851 526 52 9.49655 
45191 93 876 1127 113 9.7233 
48201 93 973 1581 185 9.18705 
10133 93 984 603 57 10.58 
26931 93 990 712 87 9.45556 
37956 94 702 455 49 8.09091 
37481 94 760 739 95 7.93122 
9374 94 820 1132 114 9.38462 
20857 94 861 539 52 9.58904 
31047 94 928 611 72 9.27108 
9275 94 929 1051 105 9.94975 
19533 94 993 1311 163 8.96498 
25361 95 695 391 149 4.45082 
26490 95 830 527 61 8.69872 
4101 95 888 691 90 8.53514 
30017 95 1024 693 84 9.59218 
25123 96 777 414 54 7.94 
29424 96 837 1000 132 8.05702 
44240 96 855 913 87 9.6612 
45433 96 872 584 66 8.98765 
27399 96 947 1608 173 9.49814 
923 97 671 402 53 7.15333 
8062 97 692 463 99 5.89286 
32061 97 798 429 67 7.48171 
24585 97 802 568 52 9.19463 
45028 97 867 602 58 9.47742 
16185 97 902 598 67 9.14634 
16283 98 766 420 54 7.80263 
36973 98 776 717 79 8.43503 
1466 98 785 498 51 8.61074 
31640 98 796 532 52 8.85333 
49390 98 826 517 52 8.95333 
34879 98 856 539 64 8.61111 
9927 98 870 497 57 8.81935 
18284 98 1042 1402 170 9.1194 
32458 98 1077 1713 179 10.0722 
46426 99 748 1239 129 8.71491 
45102 99 778 475 58 7.98089 
44067 99 786 569 80 7.56983 
21907 99 823 1307 125 9.50893 
11139 99 838 1144 143 8.19008 
13401 99 887 497 52 9.16556 
42803 99 1093 649 71 10.2471 
37821 100 872 585 59 9.16352 
46692 100 887 722 85 8.6973 
8841 101 740 426 52 7.62092 
9160 101 816 556 56 8.73885 
7151 101 962 612 74 8.99429 
22722 102 697 463 53 7.48387 
15466 102 834 653 53 9.59355 
4980 102 896 1490 157 9.21236 
18191 102 932 1164 146 8.45161 
29200 102 938 1405 175 8.45848 
6421 102 1009 1387 169 8.84133 
48702 103 878 481 54 8.65605 
48728 103 889 866 109 8.2783 
31153 103 893 580 64 8.82036 
42588 103 923 1153 121 9.26786 
2516 103 1015 713 57 10.8 
10365 104 826 505 60 8.11585 
41607 104 963 644 61 9.73939 
13302 104 1025 627 72 9.38636 
20846 104 1121 1021 119 9.60538 
28410 105 802 550 55 8.45 
24079 105 859 532 56 8.63975 
10001 105 916 564 57 9.1358 
36540 105 1063 656 72 9.71186 
27007 106 955 740 85 8.87435 
38737 106 972 587 62 9.27976 
44855 106 1087 651 79 9.39459 
7663 107 1142 1426 175 9.10638 
16638 108 848 525 66 7.8908 
30182 108 903 567 60 8.75 
2956 108 943 1267 137 9.02041 
41655 108 1034 752 85 9.25389 
6033 108 1074 610 76 9.15217 
13758 109 919 642 61 9.18235 
18305 109 964 610 70 8.7933 
44469 109 988 628 74 8.8306 
47565 109 1058 746 83 9.39583 
41874 109 1090 648 68 9.81921 
42098 110 902 556 58 8.67857 
7819 110 1021 1484 193 8.26733 
39023 111 837 487 63 7.6092 
2902 111 947 656 84 8.22051 
32101 111 981 617 72 8.73224 
43449 111 1069 677 71 9.59341 
40874 112 871 564 68 7.97222 
44275 112 914 591 65 8.50282 
2685 112 954 868 81 9.44041 
2100 112 967 629 66 8.96629 
45783 112 1162 811 78 10.3842 
11524 113 880 611 73 8.01613 
42740 113 971 635 74 8.58824 
40757 114 920 582 66 8.34444 
15497 114 1039 626 64 9.35393 
15837 114 1049 764 88 8.97525 
19429 114 1175 1462 152 9.91353 
35947 115 879 640 61 8.63068 
39485 115 923 1238 158 7.91575 
45766 115 947 706 81 8.43367 
32828 116 878 892 87 8.71921 
43462 116 960 545 63 8.40782 
5266 116 999 641 67 8.96175 
10870 116 1162 663 69 9.86486 
35085 117 788 530 65 7.24176 
42013 117 980 678 69 8.91398 
44542 117 1035 766 83 9.005 
1611 117 1146 606 59 9.95455 
6689 118 958 1027 98 9.18981 
37618 118 986 756 67 9.41622 
45920 119 853 546 74 7.2487 
5362 119 960 509 64 8.02732 
38674 119 1034 768 89 8.66346 
37219 119 1094 784 89 9.02885 
32075 119 1198 1661 215 8.55988 
5556 120 997 1419 158 8.69065 
39176 121 1023 594 63 8.78804 
27956 121 1068 1382 172 8.36177 
22123 121 1092 580 74 8.57436 
9555 121 1095 717 75 9.2449 
24282 122 1023 1463 174 8.39865 
19444 122 1094 694 68 9.41053 
42040 122 1119 594 70 8.92188 
22504 123 990 699 79 8.36139 
20416 124 934 644 69 8.17617 
30074 124 968 695 63 8.89305 
36995 124 1030 664 73 8.59898 
33655 124 1113 683 77 8.93532 
10812 125 963 687 74 8.29146 
15735 126 1205 729 73 9.71859 
15866 128 839 800 92 7.45 
46082 128 1157 692 72 9.245 
27667 128 1221 1801 234 8.34807 
610 130 1032 712 94 7.78571 
35230 130 1040 679 74 8.42647 
6729 132 948 730 78 7.99048 
25138 132 971 635 79 7.61137 
48125 132 1077 798 85 8.64055 
21704 133 1356 2028 244 8.97613 
44168 134 1118 759 71 9.1561 
25193 134 1187 735 82 8.89815 
2219 135 1142 790 75 9.2 
29705 136 1145 790 72 9.30288 
13702 137 1144 1157 133 8.52222 
21854 138 1135 919 94 8.85345 
8258 138 1228 739 81 8.98174 
37300 138 1243 1839 196 9.22754 
35797 139 1232 1646 182 8.96573 
31680 139 1285 989 107 9.2439 
28230 140 1228 1507 141 9.7331 
31920 140 1258 713 75 9.16744 
46417 142 1179 1545 170 8.73077 
2035 144 1420 1023 116 9.39615 
42984 146 1273 711 75 8.97738 
3670 147 1195 1566 158 9.05246 
14975 147 1199 923 102 8.52209 
25636 148 1214 939 93 8.93361 
20535 149 1214 991 90 9.22594 
38764 149 1403 776 88 9.19409 
9290 150 1196 842 103 8.05534 
26622 150 1413 1445 133 10.0989 
22059 154 1276 794 80 8.84615 
8189 157 1341 886 83 9.27917 
46949 158 1162 1229 142 7.97 
26473 158 1254 836 89 8.46154 
27127 159 1214 800 100 7.77606 
14479 159 1276 900 93 8.63492 
23938 160 1176 888 82 8.52893 
857 162 1369 771 85 8.66397 
14984 162 1379 1034 94 9.42578 
2798 164 1306 873 88 8.64683 
45852 166 1521 933 118 8.64085 
23939 171 1683 1346 151 9.40683 
29305 172 1599 1151 142 8.75796 
19791 174 1582 947 104 9.09712 
27995 176 1566 1357 197 7.83646 
19687 176 1600 1116 110 9.4965 
7255 179 1467 901 92 8.73801 
33481 179 1474 1179 121 8.84333 
30682 185 1664 1274 135 9.18125 
32364 190 1819 1369 144 9.54491 
4087 192 1521 975 101 8.51877 
10496 192 1656 1384 164 8.53933 
34864 192 1668 1263 141 8.8018 
45446 192 1834 1374 136 9.78049 
4585 193 1882 2131 223 9.64663 
17732 198 1817 1491 164 9.13812 
6811 201 1315 1049 101 7.82781 
17403 201 1698 1403 151 8.80966 
20197 207 1763 1061 114 8.79751 
16731 220 1854 1294 139 8.7688 
34451 224 2082 2408 296 8.63462 
13768 232 1935 1488 154 8.86788 
27799 250 2268 1319 138 9.24485 
