837 5
26434 0.0000000000 0.0438244354 0.9578769454 0.2838153912 
44858 0.0000000000 0.0645463885 0.9916672417 0.1114892165 
2181 0.0000000000 0.0672267517 0.9908638614 0.1169160898 
47751 0.0000000000 0.0683920550 0.9946583656 0.0773127579 
46145 0.0000000000 0.0687645210 0.9913551778 0.1117423466 
19740 0.0000000000 0.0749458595 0.9867871496 0.1436462306 
5233 0.0000000000 0.0759477830 0.9902422470 0.1168427430 
14192 0.0000000000 0.0793039615 0.9928855985 0.0888204369 
21313 0.0000000000 0.0814675728 0.9629884882 0.2569361910 
12157 0.0000000000 0.0822321668 0.9894386525 0.1193692744 
25977 0.0000000000 0.0828046084 0.9886368402 0.1254615279 
47862 0.0000000000 0.0834181005 0.9895112610 0.1179359352 
15871 0.0000000000 0.0856477393 0.9880078494 0.1284716089 
14960 0.0000000000 0.0865554755 0.9877507208 0.1298332133 
40044 0.0000000000 0.0865858472 0.9613456683 0.2613759687 
9159 0.0000000000 0.0876024341 0.9890597401 0.1186871688 
43649 0.0000000000 0.0887360145 0.9904084196 0.1059107270 
34044 0.0000000000 0.0890270430 0.9882001768 0.1246378601 
21320 0.0000000000 0.0893154654 0.9880523364 0.1255998733 
23323 0.0000000000 0.0895251933 0.9898928522 0.1099880947 
12368 0.0000000000 0.0895305441 0.9876338143 0.1287001571 
38941 0.0000000000 0.0899206621 0.9891272834 0.1163679157 
37233 0.0000000000 0.0907070647 0.9874111898 0.1295815210 
10866 0.0000000000 0.0907232710 0.9882356301 0.1231244392 
37124 0.0000000000 0.0907268138 0.9595047879 0.2666818465 
5615 0.0000000000 0.0908923996 0.9876974092 0.1272493595 
12722 0.0000000000 0.0912332397 0.9887710569 0.1183566352 
31554 0.0000000000 0.0915071411 0.9500926622 0.2982454968 
41624 0.0000000000 0.0915287828 0.9870011014 0.1321033979 
39463 0.0000000000 0.0915546544 0.9881588558 0.1231252248 
17793 0.0000000000 0.0918332616 0.9884158945 0.1208332389 
6580 0.0000000000 0.0919034119 0.9899310365 0.1076582825 
48797 0.0000000000 0.0919687907 0.9570502279 0.2749483638 
10750 0.0000000000 0.0920043304 0.9883893779 0.1209199771 
34381 0.0000000000 0.0920274448 0.9879416871 0.1245077195 
44435 0.0000000000 0.0921905886 0.9522317372 0.2911281744 
24383 0.0000000000 0.0923998582 0.9914255052 0.0923998582 
28917 0.0000000000 0.0924685579 0.9824784278 0.1618199763 
34158 0.0000000000 0.0924998444 0.9514269706 0.2936502996 
21118 0.0000000000 0.0926815012 0.9868863554 0.1321569554 
25665 0.0000000000 0.0931938698 0.9843602498 0.1494984995 
11804 0.0000000000 0.0932876294 0.9900525828 0.1053247429 
17605 0.0000000000 0.0940339936 0.9888736102 0.1152674760 
5693 0.0000000000 0.0941383847 0.9512931508 0.2935631207 
9808 0.0000000000 0.0941725622 0.9516385237 0.2924305880 
42148 0.0000000000 0.0944249472 0.9914619460 0.0899285212 
32414 0.0000000000 0.0945946151 0.9916125173 0.0880708486 
3667 0.0000000000 0.0948607980 0.9588940903 0.2674388762 
26237 0.0000000000 0.0951543782 0.9841681407 0.1495283087 
32070 0.0000000000 0.0953102883 0.9811353202 0.1681946263 
20540 0.0000000000 0.0954434802 0.9507162252 0.2950071207 
39417 0.0000000000 0.0962581973 0.9888342090 0.1137596878 
10995 0.0000000000 0.0962702976 0.9805308089 0.1711471957 
6187 0.0000000000 0.0964119412 0.9858898508 0.1368427553 
46434 0.0000000000 0.0965355980 0.9870764891 0.1279096673 
37123 0.0000000000 0.0965741011 0.9566871892 0.2746326001 
17305 0.0000000000 0.0966009497 0.9885497185 0.1159211396 
41433 0.0000000000 0.0969043407 0.9877990860 0.1219119125 
6617 0.0000000000 0.0969175075 0.9820974091 0.1615291791 
14717 0.0000000000 0.0969998009 0.9590991552 0.2659320385 
47853 0.0000000000 0.0970955266 0.9505141023 0.2951192979 
48324 0.0000000000 0.0975768491 0.9910148737 0.0914782960 
1288 0.0000000000 0.0980446125 0.9516094740 0.2912501724 
28391 0.0000000000 0.0983372021 0.9531144200 0.2861864727 
26279 0.0000000000 0.0984162067 0.9608529654 0.2589900176 
46578 0.0000000000 0.0985474566 0.9531639244 0.2859491773 
26500 0.0000000000 0.0986508838 0.9865088379 0.1306457650 
15628 0.0000000000 0.0988313657 0.9574952737 0.2709892284 
44556 0.0000000000 0.0989841298 0.9873666943 0.1237301622 
5342 0.0000000000 0.0990471854 0.9676649364 0.2319789342 
26617 0.0000000000 0.0992131247 0.9547465914 0.2803849177 
48611 0.0000000000 0.0994377194 0.9510925394 0.2924638805 
17433 0.0000000000 0.0994844230 0.9891594063 0.1080116593 
35069 0.0000000000 0.0996003676 0.9903122265 0.0967546428 
26289 0.0000000000 0.0997102486 0.9846387049 0.1433334824 
9350 0.0000000000 0.0998104576 0.9890308982 0.1088841356 
40747 0.0000000000 0.0998435771 0.9529188464 0.2863161403 
12933 0.0000000000 0.0998450960 0.9862747283 0.1315032971 
16051 0.0000000000 0.1000131458 0.9523639857 0.2880975693 
18511 0.0000000000 0.1000773118 0.9840935659 0.1467800573 
23437 0.0000000000 0.1001243666 0.9835746598 0.1501865499 
15718 0.0000000000 0.1001927357 0.9583140486 0.2675735412 
33953 0.0000000000 0.1002113080 0.9844287318 0.1444221792 
11366 0.0000000000 0.1002330571 0.9880115629 0.1174158669 
24565 0.0000000000 0.1008465390 0.9841231219 0.1460536082 
49270 0.0000000000 0.1008617922 0.9819192122 0.1601922582 
47980 0.0000000000 0.1011398519 0.9873992320 0.1217106692 
48068 0.0000000000 0.1013375910 0.9916607117 0.0796223929 
12267 0.0000000000 0.1013401797 0.9894001751 0.1040070265 
34837 0.0000000000 0.1013933844 0.9641589099 0.2451876386 
22741 0.0000000000 0.1014247375 0.9896595603 0.1014247375 
21800 0.0000000000 0.1016137440 0.9810982183 0.1646843438 
10417 0.0000000000 0.1016649859 0.9551157882 0.2782410139 
45622 0.0000000000 0.1017771395 0.9589668251 0.2646205626 
24210 0.0000000000 0.1017890831 0.9854049532 0.1364406858 
11024 0.0000000000 0.1018447407 0.9866209252 0.1273059258 
24999 0.0000000000 0.1019797536 0.9869008409 0.1250074399 
26739 0.0000000000 0.1020255096 0.9862465925 0.1300325122 
25148 0.0000000000 0.1022126858 0.9880559624 0.1153168763 
39070 0.0000000000 0.1022435912 0.9857330844 0.1337031577 
2967 0.0000000000 0.1022848655 0.9898027757 0.0991376389 
4169 0.0000000000 0.1026105262 0.9547784325 0.2790505773 
19266 0.0000000000 0.1028529277 0.9517977280 0.2889677493 
44274 0.0000000000 0.1028726768 0.9846384781 0.1410825282 
14526 0.0000000000 0.1029206474 0.9896216094 0.1002816564 
10933 0.0000000000 0.1031410531 0.9830631624 0.1514884217 
47795 0.0000000000 0.1032558131 0.9578624361 0.2680257275 
1364 0.0000000000 0.1032716682 0.9881681194 0.1133963416 
17097 0.0000000000 0.1032758890 0.9889448764 0.1064054614 
12665 0.0000000000 0.1032783319 0.9845867638 0.1411470536 
32150 0.0000000000 0.1033705950 0.9867193161 0.1252976909 
42361 0.0000000000 0.1034516399 0.9872242205 0.1211862067 
33273 0.0000000000 0.1035193755 0.9604730028 0.2584092682 
35730 0.0000000000 0.1035249418 0.9889356281 0.1062492824 
25641 0.0000000000 0.1035630891 0.9532258525 0.2839633089 
29532 0.0000000000 0.1038758822 0.9868208809 0.1240739704 
31095 0.0000000000 0.1040326760 0.9838518785 0.1456457464 
10747 0.0000000000 0.1040348794 0.9585236080 0.2653473890 
45654 0.0000000000 0.1040474379 0.9634265928 0.2469480330 
1219 0.0000000000 0.1040495685 0.9507977810 0.2918171806 
43217 0.0000000000 0.1042060919 0.9899578728 0.0955222509 
24191 0.0000000000 0.1043696451 0.9836048370 0.1470663181 
1254 0.0000000000 0.1044075179 0.9857298009 0.1320448020 
29990 0.0000000000 0.1046266260 0.9665507357 0.2341643535 
44615 0.0000000000 0.1047234507 0.9859329753 0.1302657558 
27496 0.0000000000 0.1050244216 0.9892622934 0.1016365370 
5328 0.0000000000 0.1052301798 0.9534107860 0.2827268687 
32465 0.0000000000 0.1052800409 0.9506474984 0.2918654600 
38688 0.0000000000 0.1053055897 0.9875324194 0.1170062108 
43603 0.0000000000 0.1053072477 0.9863778870 0.1263686973 
17514 0.0000000000 0.1054482768 0.9898531793 0.0952436049 
19347 0.0000000000 0.1056269890 0.9880524599 0.1122286758 
41047 0.0000000000 0.1056425480 0.9849614031 0.1367138856 
47012 0.0000000000 0.1057453022 0.9904809970 0.0881210851 
13652 0.0000000000 0.1057840884 0.9893923566 0.0995614950 
21719 0.0000000000 0.1058045127 0.9897841511 0.0955653663 
49617 0.0000000000 0.1058253526 0.9867499097 0.1229862206 
45089 0.0000000000 0.1058808202 0.9504064097 0.2924327415 
3222 0.0000000000 0.1060146633 0.9849104199 0.1367931139 
16368 0.0000000000 0.1061108229 0.9519067999 0.2874264039 
48190 0.0000000000 0.1061394885 0.9536829597 0.2814661992 
44011 0.0000000000 0.1061741729 0.9590678032 0.2625185593 
19727 0.0000000000 0.1061862245 0.9519282710 0.2873274309 
41299 0.0000000000 0.1061948500 0.9658305336 0.2364191916 
12272 0.0000000000 0.1063076858 0.9894792294 0.0981301715 
43006 0.0000000000 0.1063754854 0.9877723645 0.1139737344 
39921 0.0000000000 0.1064156392 0.9888867939 0.1038201358 
30383 0.0000000000 0.1064161703 0.9611417930 0.2547195565 
37199 0.0000000000 0.1065056152 0.9517523059 0.2877917687 
23276 0.0000000000 0.1065146958 0.9885895201 0.1065146958 
4201 0.0000000000 0.1066390694 0.9613432521 0.2538646502 
6652 0.0000000000 0.1066653469 0.9898544189 0.0938655052 
43348 0.0000000000 0.1067337669 0.9866667989 0.1228679410 
23540 0.0000000000 0.1068667906 0.9719789053 0.2093716714 
33778 0.0000000000 0.1068905442 0.9692008170 0.2218652473 
16895 0.0000000000 0.1069528826 0.9608368719 0.2556434754 
40817 0.0000000000 0.1070757050 0.9850964863 0.1346094578 
4851 0.0000000000 0.1071662903 0.9644966131 0.2413745418 
22106 0.0000000000 0.1071885565 0.9902180935 0.0893237971 
7742 0.0000000000 0.1073453208 0.9843020094 0.1400947407 
27965 0.0000000000 0.1074255105 0.9584223811 0.2643601694 
3480 0.0000000000 0.1075306550 0.9905854278 0.0847211221 
6149 0.0000000000 0.1077448847 0.9860999233 0.1264831256 
39194 0.0000000000 0.1079096002 0.9723467200 0.2071168133 
15797 0.0000000000 0.1079824204 0.9502452998 0.2921877259 
20884 0.0000000000 0.1080046857 0.9507454729 0.2905478165 
16045 0.0000000000 0.1080273085 0.9886135502 0.1047537537 
44154 0.0000000000 0.1080863347 0.9866342347 0.1219435571 
25413 0.0000000000 0.1080919232 0.9863387989 0.1243057116 
41542 0.0000000000 0.1081021108 0.9647910194 0.2397753586 
8406 0.0000000000 0.1081755550 0.9600580509 0.2580437719 
11851 0.0000000000 0.1084846783 0.9729103191 0.2041484400 
1208 0.0000000000 0.1085387959 0.9867163261 0.1208727499 
15441 0.0000000000 0.1085708426 0.9870076599 0.1184409192 
1784 0.0000000000 0.1085863924 0.9521312088 0.2857536641 
49047 0.0000000000 0.1087173746 0.9868192464 0.1198678746 
24492 0.0000000000 0.1087360866 0.9874412187 0.1146137129 
16068 0.0000000000 0.1087944746 0.9513729584 0.2881896188 
47386 0.0000000000 0.1088753423 0.9887058111 0.1029901887 
45097 0.0000000000 0.1088810345 0.9509862508 0.2894305981 
31399 0.0000000000 0.1089258949 0.9725096475 0.2058157793 
26276 0.0000000000 0.1089798429 0.9621895527 0.2496290418 
29041 0.0000000000 0.1090161667 0.9554225849 0.2743777680 
43472 0.0000000000 0.1090658426 0.9815925834 0.1567821487 
7919 0.0000000000 0.1091040999 0.9579670585 0.2653213337 
47342 0.0000000000 0.1092812382 0.9865667341 0.1214235980 
824 0.0000000000 0.1095477845 0.9859300601 0.1262584634 
6848 0.0000000000 0.1096248343 0.9841320354 0.1395225164 
41783 0.0000000000 0.1096381726 0.9542581688 0.2781561045 
41882 0.0000000000 0.1098005028 0.9882045248 0.1067504888 
3585 0.0000000000 0.1098363322 0.9743304569 0.1965099004 
32753 0.0000000000 0.1099132826 0.9827540560 0.1487062058 
44671 0.0000000000 0.1099446965 0.9634413034 0.2443215478 
44668 0.0000000000 0.1099499231 0.9895493079 0.0932908438 
43297 0.0000000000 0.1099562024 0.9690806637 0.2208897932 
26668 0.0000000000 0.1099697491 0.9794979978 0.1687907777 
43047 0.0000000000 0.1099971440 0.9899742961 0.0886088105 
23040 0.0000000000 0.1100291792 0.9880620293 0.1078285956 
12754 0.0000000000 0.1100693311 0.9568527080 0.2689193885 
28562 0.0000000000 0.1100922267 0.9831491875 0.1459362075 
29957 0.0000000000 0.1100958617 0.9541641344 0.2782978725 
42931 0.0000000000 0.1102350976 0.9888252787 0.1003632978 
14728 0.0000000000 0.1103759869 0.9510173414 0.2887614202 
9813 0.0000000000 0.1104265167 0.9576812950 0.2658054206 
38818 0.0000000000 0.1105277054 0.9639124656 0.2421908028 
20521 0.0000000000 0.1105553282 0.9676440577 0.2268093846 
28233 0.0000000000 0.1106595946 0.9516725134 0.2864853948 
17913 0.0000000000 0.1106713071 0.9837449517 0.1414133368 
17374 0.0000000000 0.1108036164 0.9868447083 0.1177288424 
34594 0.0000000000 0.1109429553 0.9658563171 0.2341222660 
1265 0.0000000000 0.1109946962 0.9523344938 0.2841464224 
14630 0.0000000000 0.1109989135 0.9831332340 0.1453557201 
34438 0.0000000000 0.1112226596 0.9895964845 0.0912596182 
38702 0.0000000000 0.1112949618 0.9516344488 0.2863656883 
33427 0.0000000000 0.1113167409 0.9529545300 0.2819330542 
25249 0.0000000000 0.1113320960 0.9884117795 0.1031858451 
39842 0.0000000000 0.1114041770 0.9895312197 0.0917446164 
19537 0.0000000000 0.1114847303 0.9852839677 0.1295633352 
15183 0.0000000000 0.1115839526 0.9507408209 0.2892073874 
28113 0.0000000000 0.1116021352 0.9888468257 0.0986251427 
18419 0.0000000000 0.1116048505 0.9885001046 0.1020387205 
34113 0.0000000000 0.1116553001 0.9621360967 0.2486508102 
26159 0.0000000000 0.1116848799 0.9814731870 0.1556819538 
5083 0.0000000000 0.1117309326 0.9858611699 0.1248757482 
17930 0.0000000000 0.1118079933 0.9833369668 0.1433435812 
19061 0.0000000000 0.1118719371 0.9819870036 0.1522701366 
27805 0.0000000000 0.1119212245 0.9827229471 0.1474084421 
27000 0.0000000000 0.1119280898 0.9870022466 0.1153198501 
2457 0.0000000000 0.1119460981 0.9578613713 0.2645177962 
42384 0.0000000000 0.1119771405 0.9512284923 0.2874464740 
46259 0.0000000000 0.1120153727 0.9647450116 0.2381588104 
29476 0.0000000000 0.1121055709 0.9562740266 0.2701339058 
27508 0.0000000000 0.1121057716 0.9847128588 0.1333149717 
36947 0.0000000000 0.1121144853 0.9723509372 0.2048511583 
24935 0.0000000000 0.1121440356 0.9879355517 0.1068038434 
4538 0.0000000000 0.1121767711 0.9645105556 0.2390308768 
36045 0.0000000000 0.1123191626 0.9827926723 0.1466389067 
49564 0.0000000000 0.1123259853 0.9871071433 0.1140278941 
32129 0.0000000000 0.1123688382 0.9866532136 0.1178502450 
21486 0.0000000000 0.1124552741 0.9655642496 0.2346049683 
35431 0.0000000000 0.1124687020 0.9841011428 0.1374617469 
44192 0.0000000000 0.1125781428 0.9843370946 0.1356710951 
23638 0.0000000000 0.1125790777 0.9527745105 0.2820402158 
12815 0.0000000000 0.1126393039 0.9622892260 0.2476122630 
942 0.0000000000 0.1126454587 0.9752059095 0.1904847364 
7690 0.0000000000 0.1126573256 0.9865127968 0.1187469107 
11631 0.0000000000 0.1126677947 0.9878083391 0.1074274321 
4478 0.0000000000 0.1126756093 0.9887284716 0.0985911581 
36104 0.0000000000 0.1127228849 0.9651897016 0.2360135402 
44961 0.0000000000 0.1127387802 0.9878064553 0.1073702669 
35547 0.0000000000 0.1127988228 0.9523809700 0.2832788619 
4315 0.0000000000 0.1128005665 0.9829763651 0.1450292998 
19430 0.0000000000 0.1128269938 0.9623873938 0.2471448436 
31690 0.0000000000 0.1129258630 0.9548509083 0.2747862667 
23806 0.0000000000 0.1129876727 0.9898702628 0.0859688814 
16935 0.0000000000 0.1130404414 0.9565895415 0.2686229843 
4841 0.0000000000 0.1130558927 0.9883273202 0.1021149999 
27083 0.0000000000 0.1131147435 0.9834698536 0.1413934294 
7823 0.0000000000 0.1131370850 0.9899494937 0.0848528137 
36770 0.0000000000 0.1132030510 0.9845235038 0.1337854239 
40273 0.0000000000 0.1132413150 0.9880304731 0.1047482163 
2157 0.0000000000 0.1132707484 0.9589398590 0.2600078544 
19326 0.0000000000 0.1133045981 0.9679959760 0.2239327097 
48056 0.0000000000 0.1133131207 0.9874429089 0.1100756030 
41284 0.0000000000 0.1133253222 0.9519327064 0.2845724757 
4335 0.0000000000 0.1133509189 0.9713743306 0.2087665659 
31109 0.0000000000 0.1134238928 0.9867878677 0.1156923707 
39938 0.0000000000 0.1134286188 0.9857487111 0.1242313444 
13690 0.0000000000 0.1134522708 0.9529990746 0.2809294324 
41298 0.0000000000 0.1134582979 0.9854663586 0.1264249605 
32900 0.0000000000 0.1135258416 0.9513959117 0.2862825571 
30681 0.0000000000 0.1135528897 0.9661618753 0.2315965717 
37392 0.0000000000 0.1135873153 0.9611650443 0.2515147696 
23685 0.0000000000 0.1136778498 0.9883657495 0.1010469776 
20527 0.0000000000 0.1136899871 0.9552430435 0.2731031211 
27554 0.0000000000 0.1137061058 0.9873017970 0.1109327862 
45040 0.0000000000 0.1137078583 0.9858256773 0.1233622991 
18320 0.0000000000 0.1138130133 0.9531839867 0.2801551097 
28346 0.0000000000 0.1138242278 0.9868345785 0.1148980412 
22624 0.0000000000 0.1138363652 0.9656796746 0.2334610202 
48027 0.0000000000 0.1138884076 0.9530661477 0.2805251303 
32897 0.0000000000 0.1139177864 0.9580777935 0.2628871994 
46895 0.0000000000 0.1140599282 0.9896376122 0.0872222980 
22870 0.0000000000 0.1140759898 0.9854223799 0.1262117334 
8001 0.0000000000 0.1141505822 0.9740393990 0.1954914162 
6976 0.0000000000 0.1142504213 0.9854098835 0.1261515068 
44824 0.0000000000 0.1143178994 0.9878239003 0.1055242149 
11557 0.0000000000 0.1143197180 0.9601199501 0.2551483560 
17778 0.0000000000 0.1143768967 0.9509450888 0.2874393216 
37433 0.0000000000 0.1144430764 0.9550077407 0.2736110332 
36578 0.0000000000 0.1144527685 0.9898044981 0.0847798285 
47380 0.0000000000 0.1144529062 0.9892001177 0.0915623249 
42078 0.0000000000 0.1144913616 0.9861869559 0.1196955144 
633 0.0000000000 0.1145760847 0.9737025231 0.1969155083 
14866 0.0000000000 0.1146229460 0.9902148942 0.0795992680 
35437 0.0000000000 0.1146275231 0.9879800803 0.1037106162 
41714 0.0000000000 0.1146669709 0.9853799041 0.1260076604 
24744 0.0000000000 0.1147203515 0.9875925910 0.1072385894 
18614 0.0000000000 0.1147213021 0.9848715561 0.1298731722 
6978 0.0000000000 0.1147380651 0.9867473602 0.1147380651 
47153 0.0000000000 0.1148806973 0.9871725037 0.1108732311 
37807 0.0000000000 0.1150248432 0.9543645408 0.2756040798 
37310 0.0000000000 0.1150622489 0.9530627783 0.2800571718 
16692 0.0000000000 0.1151240098 0.9874097761 0.1084822400 
38771 0.0000000000 0.1151331741 0.9678614575 0.2235811962 
1397 0.0000000000 0.1151577050 0.9750273233 0.1898958182 
48781 0.0000000000 0.1151828514 0.9816720290 0.1518319405 
29514 0.0000000000 0.1154135532 0.9511189201 0.2864480958 
48920 0.0000000000 0.1154954586 0.9830543682 0.1423548675 
30080 0.0000000000 0.1156185221 0.9652197971 0.2344847556 
13111 0.0000000000 0.1156562734 0.9841297442 0.1345818454 
3260 0.0000000000 0.1156726082 0.9653559583 0.2338968181 
8066 0.0000000000 0.1157139939 0.9783092215 0.1718177486 
5938 0.0000000000 0.1157739264 0.9503639889 0.2887986954 
47730 0.0000000000 0.1158132752 0.9844128390 0.1323580288 
42079 0.0000000000 0.1158551843 0.9676426476 0.2241545956 
9629 0.0000000000 0.1158647346 0.9548370895 0.2736082888 
44229 0.0000000000 0.1158734097 0.9576596505 0.2635552063 
39561 0.0000000000 0.1159937302 0.9875141899 0.1065888332 
44054 0.0000000000 0.1161017228 0.9852060474 0.1260532990 
29196 0.0000000000 0.1161017228 0.9852060474 0.1260532990 
25829 0.0000000000 0.1161333968 0.9792156866 0.1662819090 
27011 0.0000000000 0.1161582261 0.9567588804 0.2666827914 
1321 0.0000000000 0.1161815948 0.9860540482 0.1191606101 
24630 0.0000000000 0.1162302258 0.9811993482 0.1540726249 
28374 0.0000000000 0.1163161799 0.9562532097 0.2684219536 
10305 0.0000000000 0.1163951924 0.9893591354 0.0872963943 
3533 0.0000000000 0.1164765677 0.9843690416 0.1321014731 
29557 0.0000000000 0.1166236236 0.9836949118 0.1369059929 
17003 0.0000000000 0.1167432898 0.9541818222 0.2755141640 
3545 0.0000000000 0.1167534607 0.9856164240 0.1221838542 
32888 0.0000000000 0.1167934209 0.9523155860 0.2818764294 
35291 0.0000000000 0.1168030937 0.9537310464 0.2770453546 
40809 0.0000000000 0.1168052538 0.9518956886 0.2832863051 
36013 0.0000000000 0.1168744738 0.9666358410 0.2279375096 
38164 0.0000000000 0.1169179626 0.9503925471 0.2882432938 
4206 0.0000000000 0.1169690977 0.9514986220 0.2845498243 
17120 0.0000000000 0.1170756084 0.9512393181 0.2853717954 
41242 0.0000000000 0.1171372998 0.9814206199 0.1519619024 
7730 0.0000000000 0.1173788225 0.9893357899 0.0862375023 
20680 0.0000000000 0.1173807968 0.9605841349 0.2519918022 
11695 0.0000000000 0.1174238562 0.9857423720 0.1205139577 
30743 0.0000000000 0.1175028454 0.9845314166 0.1299652684 
26777 0.0000000000 0.1176097761 0.9528792066 0.2796232433 
8758 0.0000000000 0.1177377188 0.9856329028 0.1211016536 
17634 0.0000000000 0.1178103975 0.9850954516 0.1253302101 
45242 0.0000000000 0.1178779883 0.9590216330 0.2576476029 
11169 0.0000000000 0.1179083171 0.9557326145 0.2695789277 
32244 0.0000000000 0.1179488501 0.9531912883 0.2784141461 
18263 0.0000000000 0.1179738201 0.9509404892 0.2859971396 
16434 0.0000000000 0.1180558008 0.9837983404 0.1349209153 
10972 0.0000000000 0.1181427478 0.9834585492 0.1373010312 
39024 0.0000000000 0.1182140115 0.9851167624 0.1247814566 
34051 0.0000000000 0.1182505377 0.9622347674 0.2451959678 
16643 0.0000000000 0.1183354934 0.9502698716 0.2880692315 
23187 0.0000000000 0.1183879718 0.9682966829 0.2199677748 
2276 0.0000000000 0.1184367861 0.9835402673 0.1364597753 
19119 0.0000000000 0.1185215895 0.9568149155 0.2654389766 
3081 0.0000000000 0.1185283923 0.9540803924 0.2751029352 
4404 0.0000000000 0.1185443190 0.9878693254 0.1003067315 
2703 0.0000000000 0.1185733995 0.9861836394 0.1156813653 
38643 0.0000000000 0.1186125606 0.9582646344 0.2601152645 
37959 0.0000000000 0.1186296749 0.9885806245 0.0929265787 
40721 0.0000000000 0.1188262531 0.9871719490 0.1066389451 
39516 0.0000000000 0.1189014722 0.9842896304 0.1305234206 
41459 0.0000000000 0.1189684955 0.9616620055 0.2470884138 
46150 0.0000000000 0.1191267022 0.9681889937 0.2200429531 
8094 0.0000000000 0.1191387007 0.9853092545 0.1223586656 
17125 0.0000000000 0.1191585667 0.9899327083 0.0763836966 
40136 0.0000000000 0.1192394907 0.9852947390 0.1223773720 
1157 0.0000000000 0.1192614060 0.9853263783 0.1221009633 
48291 0.0000000000 0.1192924085 0.9655932691 0.2310821499 
3230 0.0000000000 0.1193319168 0.9883130541 0.0948535749 
27649 0.0000000000 0.1193357493 0.9696844766 0.2132392898 
47052 0.0000000000 0.1193489125 0.9500646102 0.2883280658 
40025 0.0000000000 0.1193797752 0.9868728081 0.1087682396 
36078 0.0000000000 0.1195025501 0.9865908205 0.1111651629 
29763 0.0000000000 0.1196092977 0.9874721090 0.1029196283 
49763 0.0000000000 0.1196898942 0.9909209843 0.0612366900 
35684 0.0000000000 0.1197169009 0.9500115363 0.2883503850 
17076 0.0000000000 0.1198013417 0.9843137267 0.1295149640 
30439 0.0000000000 0.1198334723 0.9861296157 0.1148404109 
8177 0.0000000000 0.1199048446 0.9876372727 0.1009725007 
33376 0.0000000000 0.1199737124 0.9544443357 0.2732074639 
10256 0.0000000000 0.1199920545 0.9872073575 0.1049930477 
35757 0.0000000000 0.1200864365 0.9730080496 0.1970649214 
29052 0.0000000000 0.1201254451 0.9874047573 0.1029646672 
33037 0.0000000000 0.1201598639 0.9559777405 0.2677091085 
10675 0.0000000000 0.1201679603 0.9643292220 0.2358576116 
5175 0.0000000000 0.1201810480 0.9830193410 0.1386704400 
26950 0.0000000000 0.1202195090 0.9624716643 0.2433013873 
24694 0.0000000000 0.1202932107 0.9705256238 0.2088290138 
16884 0.0000000000 0.1202998356 0.9844945727 0.1276651316 
7444 0.0000000000 0.1203495332 0.9824898252 0.1422312665 
40599 0.0000000000 0.1204321822 0.9565474147 0.2655430904 
22615 0.0000000000 0.1204548396 0.9850529109 0.1231316139 
24907 0.0000000000 0.1205251270 0.9883060412 0.0934069734 
28522 0.0000000000 0.1205551538 0.9826382351 0.1410267837 
6540 0.0000000000 0.1205932572 0.9841965828 0.1296701690 
10011 0.0000000000 0.1205948076 0.9856306391 0.1182756767 
14714 0.0000000000 0.1206178063 0.9523062990 0.2802928070 
29868 0.0000000000 0.1207024392 0.9839540609 0.1313975920 
16618 0.0000000000 0.1207447701 0.9845342792 0.1269368096 
20340 0.0000000000 0.1208131156 0.9656717310 0.2299615166 
17295 0.0000000000 0.1208265123 0.9587008387 0.2574755441 
43023 0.0000000000 0.1208411897 0.9882123959 0.0939875920 
22305 0.0000000000 0.1208455197 0.9835482579 0.1342727997 
1217 0.0000000000 0.1208781988 0.9857825523 0.1167099851 
46467 0.0000000000 0.1208948379 0.9861225995 0.1137833769 
14628 0.0000000000 0.1209301256 0.9523247393 0.2800955116 
44173 0.0000000000 0.1209809444 0.9874660867 0.1013624129 
16892 0.0000000000 0.1210097034 0.9539874565 0.2743439167 
41150 0.0000000000 0.1210252100 0.9599122824 0.2528266374 
2093 0.0000000000 0.1211086322 0.9555185001 0.2689183803 
4888 0.0000000000 0.1212066023 0.9861809913 0.1129425158 
42676 0.0000000000 0.1212106097 0.9858462921 0.1158234715 
23854 0.0000000000 0.1212134889 0.9855183662 0.1185784130 
5827 0.0000000000 0.1212850699 0.9552374500 0.2698357757 
19158 0.0000000000 0.1214646147 0.9500697583 0.2874261674 
23491 0.0000000000 0.1215403681 0.9529173398 0.2778065557 
24180 0.0000000000 0.1215861795 0.9864539091 0.1101157852 
47445 0.0000000000 0.1216758889 0.9504594651 0.2860450720 
46557 0.0000000000 0.1216984891 0.9863982798 0.1104894177 
42352 0.0000000000 0.1217602771 0.9854087542 0.1189286427 
22939 0.0000000000 0.1217649752 0.9515242394 0.2824445302 
11654 0.0000000000 0.1217870204 0.9648369771 0.2329324565 
18919 0.0000000000 0.1218192153 0.9813214567 0.1488901521 
21369 0.0000000000 0.1219095599 0.9840892183 0.1292535093 
37825 0.0000000000 0.1219580085 0.9862691121 0.1113529643 
751 0.0000000000 0.1219834515 0.9883787350 0.0907056434 
37509 0.0000000000 0.1220490655 0.9874878937 0.0998583263 
638 0.0000000000 0.1220877816 0.9509493614 0.2842356165 
45501 0.0000000000 0.1221231208 0.9883452569 0.0908823225 
13963 0.0000000000 0.1221378000 0.9872805498 0.1017815000 
937 0.0000000000 0.1223735301 0.9534494174 0.2756064722 
18445 0.0000000000 0.1225661867 0.9562716028 0.2655600713 
43404 0.0000000000 0.1227187095 0.9536266383 0.2748387765 
49427 0.0000000000 0.1227398332 0.9629661914 0.2400646738 
21209 0.0000000000 0.1227997231 0.9873097737 0.1006957729 
41067 0.0000000000 0.1228111283 0.9588040233 0.2561489248 
4265 0.0000000000 0.1228467555 0.9854446258 0.1175055922 
41959 0.0000000000 0.1228775419 0.9888716470 0.0838687985 
19024 0.0000000000 0.1229300649 0.9620613775 0.2435695075 
49513 0.0000000000 0.1229758893 0.9689246821 0.2146203419 
25903 0.0000000000 0.1230491720 0.9532930359 0.2758464955 
21838 0.0000000000 0.1231393523 0.9731362820 0.1945314281 
3238 0.0000000000 0.1231412460 0.9851299679 0.1198131042 
24218 0.0000000000 0.1232062886 0.9828501660 0.1372070032 
25943 0.0000000000 0.1232089980 0.9574130396 0.2611126472 
10263 0.0000000000 0.1233034912 0.9805563350 0.1526614653 
48346 0.0000000000 0.1233561306 0.9839119941 0.1292302321 
29602 0.0000000000 0.1234256188 0.9565485459 0.2641609281 
24815 0.0000000000 0.1235306461 0.9837531449 0.1302686813 
49128 0.0000000000 0.1237269966 0.9573220145 0.2612014374 
49319 0.0000000000 0.1237603396 0.9841893674 0.1267070144 
22698 0.0000000000 0.1237672579 0.9870438819 0.1021079878 
18384 0.0000000000 0.1237785456 0.9510466667 0.2831768165 
12226 0.0000000000 0.1238120194 0.9841468210 0.1269866866 
8548 0.0000000000 0.1240007583 0.9796059903 0.1581009668 
19734 0.0000000000 0.1240651581 0.9863180072 0.1085570134 
28217 0.0000000000 0.1240764598 0.9549608906 0.2695454127 
26050 0.0000000000 0.1240947151 0.9826959869 0.1375103599 
49407 0.0000000000 0.1241093432 0.9689820381 0.2137069974 
8171 0.0000000000 0.1242090497 0.9670097217 0.2224057329 
45753 0.0000000000 0.1242654608 0.9586192687 0.2561390110 
48441 0.0000000000 0.1244327431 0.9550478916 0.2690725129 
9583 0.0000000000 0.1245079843 0.9501925120 0.2857130588 
45404 0.0000000000 0.1245091155 0.9882911040 0.0881939568 
28826 0.0000000000 0.1245172351 0.9863075730 0.1081333884 
21483 0.0000000000 0.1245733454 0.9699979859 0.2087711401 
40982 0.0000000000 0.1246022252 0.9662405683 0.2255070946 
30393 0.0000000000 0.1246414051 0.9514705279 0.2813687164 
12473 0.0000000000 0.1247043192 0.9857579515 0.1128277173 
22808 0.0000000000 0.1249105298 0.9848714847 0.1201062786 
45026 0.0000000000 0.1251402350 0.9674904421 0.2197775378 
27368 0.0000000000 0.1251904421 0.9876134873 0.0945883340 
36488 0.0000000000 0.1252495483 0.9863401932 0.1069839892 
22348 0.0000000000 0.1252598963 0.9841848997 0.1252598963 
32869 0.0000000000 0.1253920336 0.9828024255 0.1355589552 
27693 0.0000000000 0.1255350135 0.9837845959 0.1280969526 
35308 0.0000000000 0.1255424298 0.9812806246 0.1460391530 
15998 0.0000000000 0.1255525130 0.9554457197 0.2671330064 
6072 0.0000000000 0.1256126491 0.9832438398 0.1321098551 
9715 0.0000000000 0.1256463384 0.9700739643 0.2077727159 
13404 0.0000000000 0.1256524043 0.9525955778 0.2770796607 
28492 0.0000000000 0.1256584975 0.9848119452 0.1198139162 
11616 0.0000000000 0.1257186422 0.9788094287 0.1616382543 
46382 0.0000000000 0.1257681311 0.9809914228 0.1477775541 
134 0.0000000000 0.1259016898 0.9840211019 0.1259016898 
38980 0.0000000000 0.1260976650 0.9835617870 0.1292501066 
14892 0.0000000000 0.1262797378 0.9843343661 0.1230417958 
14020 0.0000000000 0.1265190095 0.9575980075 0.2588416432 
32253 0.0000000000 0.1267422210 0.9822522126 0.1382642411 
9266 0.0000000000 0.1267673509 0.9798773613 0.1541765079 
43385 0.0000000000 0.1269356312 0.9848454145 0.1181814497 
27638 0.0000000000 0.1269361632 0.9837552648 0.1269361632 
24931 0.0000000000 0.1270534819 0.9853127164 0.1140888408 
13287 0.0000000000 0.1270948685 0.9837142821 0.1270948685 
28870 0.0000000000 0.1271027648 0.9860093269 0.1078447701 
44135 0.0000000000 0.1271559470 0.9854585891 0.1127064076 
2804 0.0000000000 0.1271647486 0.9814510086 0.1434679215 
44121 0.0000000000 0.1272429237 0.9867328614 0.1008340150 
4639 0.0000000000 0.1272650447 0.9768452079 0.1719797901 
24786 0.0000000000 0.1272845114 0.9628597055 0.2381172833 
38767 0.0000000000 0.1273360214 0.9861138404 0.1066069017 
18578 0.0000000000 0.1273421113 0.9869013627 0.0990438644 
34393 0.0000000000 0.1274621006 0.9538413861 0.2719191479 
30482 0.0000000000 0.1274629515 0.9809105397 0.1468594876 
179 0.0000000000 0.1275495845 0.9861760557 0.1057728262 
6105 0.0000000000 0.1275510523 0.9561604809 0.2636055081 
34845 0.0000000000 0.1276776045 0.9526713566 0.2758907677 
10421 0.0000000000 0.1277048321 0.9857216730 0.1097463401 
1372 0.0000000000 0.1277137316 0.9551162645 0.2672865955 
1241 0.0000000000 0.1277881821 0.9869597892 0.0978803097 
22457 0.0000000000 0.1278217308 0.9872188994 0.0951863953 
11213 0.0000000000 0.1278226438 0.9860603948 0.1065188698 
14032 0.0000000000 0.1278467258 0.9669762944 0.2204814296 
47451 0.0000000000 0.1278904590 0.9831579036 0.1305548436 
44292 0.0000000000 0.1279674891 0.9867715274 0.0995302693 
5918 0.0000000000 0.1280185328 0.9851861003 0.1141034749 
6501 0.0000000000 0.1281543734 0.9864003288 0.1029118453 
14459 0.0000000000 0.1281649851 0.9856497661 0.1098557015 
8563 0.0000000000 0.1282013236 0.9850135031 0.1153811913 
16139 0.0000000000 0.1282063591 0.9809277240 0.1460956185 
27546 0.0000000000 0.1283466067 0.9821305557 0.1376470855 
32803 0.0000000000 0.1284000884 0.9678766155 0.2161672374 
17358 0.0000000000 0.1284933716 0.9802208630 0.1505208067 
29615 0.0000000000 0.1286646384 0.9823443024 0.1358126738 
15840 0.0000000000 0.1287428495 0.9813066085 0.1430476106 
8697 0.0000000000 0.1287489007 0.9817103678 0.1402443383 
23445 0.0000000000 0.1288340848 0.9844868745 0.1191107577 
48053 0.0000000000 0.1288659702 0.9803920868 0.1490802400 
40606 0.0000000000 0.1288892157 0.9675208090 0.2174650645 
2159 0.0000000000 0.1289249770 0.9862760742 0.1031399816 
32039 0.0000000000 0.1289308181 0.9791772940 0.1568077517 
1981 0.0000000000 0.1290872273 0.9839315327 0.1233500172 
19871 0.0000000000 0.1291085455 0.9847691020 0.1164508450 
7094 0.0000000000 0.1292831168 0.9801464205 0.1503292056 
3798 0.0000000000 0.1293787192 0.9865127336 0.1002685073 
2594 0.0000000000 0.1294357730 0.9837118749 0.1247290176 
26295 0.0000000000 0.1295038390 0.9847687754 0.1160138557 
41254 0.0000000000 0.1295062952 0.9852635793 0.1117309214 
46253 0.0000000000 0.1295633352 0.9852839677 0.1114847303 
36103 0.0000000000 0.1296339518 0.9846007293 0.1172878612 
17316 0.0000000000 0.1298505206 0.9827323489 0.1318179527 
49446 0.0000000000 0.1300240847 0.9535099548 0.2718685408 
13077 0.0000000000 0.1300290903 0.9845059691 0.1176453674 
19542 0.0000000000 0.1300745152 0.9844275810 0.1182495593 
18197 0.0000000000 0.1302411801 0.9823906158 0.1339623567 
34161 0.0000000000 0.1302421065 0.9815807542 0.1397720168 
34087 0.0000000000 0.1303030206 0.9865800130 0.0983920768 
5377 0.0000000000 0.1303508895 0.9645965825 0.2292642116 
12805 0.0000000000 0.1303962733 0.9880025325 0.0827514812 
34953 0.0000000000 0.1304306436 0.9811941599 0.1422879748 
19726 0.0000000000 0.1306014538 0.9510160409 0.2801994827 
19613 0.0000000000 0.1307276225 0.9835697315 0.1245024977 
2616 0.0000000000 0.1309106325 0.9851864264 0.1107705352 
2445 0.0000000000 0.1310340476 0.9866092994 0.0971193529 
41462 0.0000000000 0.1311051571 0.9812401602 0.1413477475 
2848 0.0000000000 0.1312595340 0.9642209793 0.2303233332 
420 0.0000000000 0.1313235777 0.9833998146 0.1252155043 
32737 0.0000000000 0.1314039763 0.9855298220 0.1070699066 
1590 0.0000000000 0.1315504791 0.9829333550 0.1285942886 
32751 0.0000000000 0.1316012192 0.9842674517 0.1178927588 
23824 0.0000000000 0.1316062310 0.9840556819 0.1196420282 
41734 0.0000000000 0.1316193329 0.9631192453 0.2346863237 
4955 0.0000000000 0.1316524734 0.9835214190 0.1239082103 
21295 0.0000000000 0.1316763772 0.9825083528 0.1316763772 
9394 0.0000000000 0.1316969830 0.9842616621 0.1178341426 
38151 0.0000000000 0.1317121924 0.9849781345 0.1116690327 
38961 0.0000000000 0.1318321398 0.9833965024 0.1247060782 
3015 0.0000000000 0.1320468462 0.9514368788 0.2780854113 
32784 0.0000000000 0.1322838928 0.9863777223 0.0977750512 
7795 0.0000000000 0.1324641386 0.9861219203 0.1000840158 
49663 0.0000000000 0.1326087350 0.9839568138 0.1193478615 
44608 0.0000000000 0.1326104217 0.9851059901 0.1094562211 
21166 0.0000000000 0.1326879124 0.9800811712 0.1477660843 
23349 0.0000000000 0.1328015523 0.9849448463 0.1106679603 
48038 0.0000000000 0.1329200633 0.9829902356 0.1267377348 
4422 0.0000000000 0.1329210523 0.9841270218 0.1175840078 
16224 0.0000000000 0.1330211072 0.9854420801 0.1058739425 
25390 0.0000000000 0.1331054929 0.9855470536 0.1047851752 
34576 0.0000000000 0.1331103904 0.9646764245 0.2273345993 
42389 0.0000000000 0.1332261883 0.9616915612 0.2395832295 
27309 0.0000000000 0.1332679882 0.9816324987 0.1365184270 
2145 0.0000000000 0.1333315707 0.9798320076 0.1488352417 
31611 0.0000000000 0.1333691946 0.9799736473 0.1478658462 
1202 0.0000000000 0.1334185082 0.9824453788 0.1303862694 
14125 0.0000000000 0.1334343097 0.9575321242 0.2555924806 
2420 0.0000000000 0.1334676991 0.9849916196 0.1094435133 
9347 0.0000000000 0.1335094147 0.9801544832 0.1465347234 
36240 0.0000000000 0.1335297591 0.9859252077 0.1006046130 
48263 0.0000000000 0.1335985221 0.9823420745 0.1309789433 
42923 0.0000000000 0.1336248851 0.9816289638 0.1361945945 
32203 0.0000000000 0.1337287274 0.9823370877 0.1308834353 
39058 0.0000000000 0.1337314883 0.9806975808 0.1426469208 
26863 0.0000000000 0.1337491895 0.9798581923 0.1482871448 
7422 0.0000000000 0.1339977999 0.9818804302 0.1339977999 
16496 0.0000000000 0.1340351319 0.9851582192 0.1072281055 
8186 0.0000000000 0.1341461654 0.9846899372 0.1113127755 
28617 0.0000000000 0.1341934387 0.9511082406 0.2781820189 
24141 0.0000000000 0.1343374465 0.9866094430 0.0924946353 
34532 0.0000000000 0.1345428838 0.9858745795 0.0997473104 
2529 0.0000000000 0.1348369081 0.9775675834 0.1618042897 
27991 0.0000000000 0.1348893875 0.9786655562 0.1549792963 
879 0.0000000000 0.1349312353 0.9816247366 0.1349312353 
30334 0.0000000000 0.1350875177 0.9654596049 0.2227983704 
33865 0.0000000000 0.1351105962 0.9820233580 0.1318152158 
11969 0.0000000000 0.1351135983 0.9617355565 0.2383464599 
32583 0.0000000000 0.1352741583 0.9818285682 0.1330923170 
29907 0.0000000000 0.1353654428 0.9853345023 0.1038851073 
46843 0.0000000000 0.1353654428 0.9853345023 0.1038851073 
7707 0.0000000000 0.1354242023 0.9790041288 0.1523522275 
12558 0.0000000000 0.1355118095 0.9858975129 0.0981969634 
7829 0.0000000000 0.1356105418 0.9849607774 0.1070609541 
45550 0.0000000000 0.1356583645 0.9794533914 0.1492242009 
6553 0.0000000000 0.1357895345 0.9813879990 0.1357895345 
18927 0.0000000000 0.1359472627 0.9816192056 0.1339480382 
20641 0.0000000000 0.1359662857 0.9851142209 0.1051814663 
43783 0.0000000000 0.1362604613 0.9538232289 0.2676832730 
2003 0.0000000000 0.1363543295 0.9799023003 0.1455986908 
39383 0.0000000000 0.1364737237 0.9624056099 0.2348411479 
34449 0.0000000000 0.1367289200 0.9840338938 0.1139407666 
17394 0.0000000000 0.1368248205 0.9559247594 0.2597822605 
9099 0.0000000000 0.1368351614 0.9611633456 0.2396688584 
23856 0.0000000000 0.1368611018 0.9821796715 0.1288104487 
41989 0.0000000000 0.1369284150 0.9793358374 0.1488352336 
48410 0.0000000000 0.1371490150 0.9829012741 0.1228626593 
44916 0.0000000000 0.1371543568 0.9833708602 0.1190396305 
47311 0.0000000000 0.1373721287 0.9850586786 0.1038667314 
44610 0.0000000000 0.1373827207 0.9828148478 0.1232921852 
34148 0.0000000000 0.1374707641 0.9836796894 0.1160864230 
12354 0.0000000000 0.1376449685 0.9864556076 0.0892143314 
20269 0.0000000000 0.1376491096 0.9533130900 0.2687877883 
21204 0.0000000000 0.1376707808 0.9842433432 0.1109585397 
11748 0.0000000000 0.1377116438 0.9843832319 0.1096592719 
3805 0.0000000000 0.1379672174 0.9827138641 0.1234443524 
46732 0.0000000000 0.1380697394 0.9825963119 0.1242627654 
18767 0.0000000000 0.1380825104 0.9602692344 0.2425205512 
11639 0.0000000000 0.1384467380 0.9516533059 0.2742051898 
9634 0.0000000000 0.1385716766 0.9849824583 0.1029924624 
1710 0.0000000000 0.1390407616 0.9804770947 0.1390407616 
8328 0.0000000000 0.1391818430 0.9831568484 0.1184526323 
16005 0.0000000000 0.1393162970 0.9781782554 0.1541371796 
46120 0.0000000000 0.1393389701 0.9840814760 0.1103100180 
27111 0.0000000000 0.1393897459 0.9826977088 0.1219660277 
40535 0.0000000000 0.1396015528 0.9772108694 0.1599072332 
25365 0.0000000000 0.1397016855 0.9859715110 0.0913434097 
36974 0.0000000000 0.1397109298 0.9858846745 0.0922619348 
23100 0.0000000000 0.1397304371 0.9817901762 0.1286990868 
23749 0.0000000000 0.1397883141 0.9850707759 0.1004728508 
40857 0.0000000000 0.1398122276 0.9813742896 0.1317461375 
28294 0.0000000000 0.1398425584 0.9818732825 0.1279410641 
43615 0.0000000000 0.1399681764 0.9821100378 0.1259713588 
11498 0.0000000000 0.1401642668 0.9811498678 0.1330372702 
11559 0.0000000000 0.1401896370 0.9844427840 0.1059210590 
22145 0.0000000000 0.1402175058 0.9815225408 0.1302019697 
4871 0.0000000000 0.1404175589 0.9777222620 0.1560195099 
35639 0.0000000000 0.1404563889 0.9800734695 0.1404563889 
39744 0.0000000000 0.1409076353 0.9818080392 0.1272714125 
17633 0.0000000000 0.1412471349 0.9528392788 0.2686011090 
4075 0.0000000000 0.1412975298 0.9802516133 0.1383538313 
4956 0.0000000000 0.1413767588 0.9844011354 0.1047235250 
18986 0.0000000000 0.1414135001 0.9804669344 0.1366997168 
17874 0.0000000000 0.1414199537 0.9822258605 0.1234210505 
21961 0.0000000000 0.1419366890 0.9787717515 0.1478507178 
16025 0.0000000000 0.1420911335 0.9819133552 0.1251250280 
28912 0.0000000000 0.1422879748 0.9811941599 0.1304306436 
21541 0.0000000000 0.1423227996 0.9801908937 0.1377317415 
28437 0.0000000000 0.1426692747 0.9824725053 0.1199718901 
7261 0.0000000000 0.1427493932 0.9821158250 0.1227644781 
48215 0.0000000000 0.1431103819 0.9813283330 0.1285072817 
11529 0.0000000000 0.1433600924 0.9844059681 0.1019449546 
1900 0.0000000000 0.1437056386 0.9783037704 0.1492327785 
32979 0.0000000000 0.1437500278 0.9831475112 0.1129464504 
12670 0.0000000000 0.1437633647 0.9839803631 0.1054264675 
47844 0.0000000000 0.1438539137 0.9860531900 0.0836968225 
6671 0.0000000000 0.1440108300 0.9816738246 0.1248093860 
12446 0.0000000000 0.1441970845 0.9811671182 0.1285234883 
34997 0.0000000000 0.1444058720 0.9813705180 0.1267235203 
45508 0.0000000000 0.1444083630 0.9799138920 0.1375317743 
48763 0.0000000000 0.1449874412 0.9820847435 0.1203669324 
3451 0.0000000000 0.1451551739 0.9823291999 0.1181495601 
18829 0.0000000000 0.1451635768 0.9768299023 0.1572605415 
23330 0.0000000000 0.1453258463 0.9801045446 0.1351868337 
46682 0.0000000000 0.1455279495 0.9780831952 0.1489123204 
10881 0.0000000000 0.1456406453 0.9830743560 0.1111468083 
48663 0.0000000000 0.1462303954 0.9555266577 0.2560966184 
6794 0.0000000000 0.1463720586 0.9795668536 0.1379275167 
7656 0.0000000000 0.1468204910 0.9811905983 0.1253345655 
21554 0.0000000000 0.1473803273 0.9814902648 0.1222943141 
35795 0.0000000000 0.1474611959 0.9803438763 0.1310766186 
44629 0.0000000000 0.1476031241 0.9800847439 0.1328428117 
29202 0.0000000000 0.1477011781 0.9828842037 0.1101045146 
25939 0.0000000000 0.1477753087 0.9782309167 0.1456939663 
36655 0.0000000000 0.1477818566 0.9819283362 0.1182254853 
36270 0.0000000000 0.1478979522 0.9839741312 0.0996047433 
21146 0.0000000000 0.1481665329 0.9787970962 0.1414316905 
24423 0.0000000000 0.1482852495 0.9837460455 0.1012679753 
40191 0.0000000000 0.1484833374 0.9772903297 0.1511830344 
36571 0.0000000000 0.1485795998 0.9839271277 0.0990530665 
18696 0.0000000000 0.1486788619 0.9818415409 0.1178209849 
42396 0.0000000000 0.1486807319 0.9804891512 0.1285887411 
33264 0.0000000000 0.1487698656 0.9845860196 0.0919668260 
36133 0.0000000000 0.1487883732 0.9820032629 0.1163254554 
11072 0.0000000000 0.1489450501 0.9837300981 0.1004513128 
47606 0.0000000000 0.1490979026 0.9829417284 0.1076818186 
21660 0.0000000000 0.1493333343 0.9836521805 0.1006376818 
32535 0.0000000000 0.1493617952 0.9811019884 0.1230038314 
48082 0.0000000000 0.1493690163 0.9788437664 0.1398348238 
36084 0.0000000000 0.1499472450 0.9814728767 0.1192762176 
9587 0.0000000000 0.1501267229 0.9833300350 0.1025865940 
9230 0.0000000000 0.1507417148 0.9814247814 0.1186690095 
2501 0.0000000000 0.1511309975 0.9806722504 0.1242632646 
4775 0.0000000000 0.1514198674 0.9809374020 0.1217942412 
2559 0.0000000000 0.1514670489 0.9798990714 0.1298288990 
780 0.0000000000 0.1515128211 0.9767741449 0.1515128211 
1581 0.0000000000 0.1517271481 0.9800335178 0.1285036050 
40686 0.0000000000 0.1523433868 0.9755836115 0.1582027478 
26060 0.0000000000 0.1524650608 0.9810795216 0.1193204824 
1603 0.0000000000 0.1528311845 0.9787699261 0.1365725478 
31195 0.0000000000 0.1535121140 0.9731106887 0.1717254157 
27765 0.0000000000 0.1536948979 0.9774995507 0.1444732040 
28526 0.0000000000 0.1540546479 0.9817207952 0.1117651367 
19691 0.0000000000 0.1541328427 0.9808453626 0.1191026512 
9548 0.0000000000 0.1546122527 0.9809880863 0.1172920538 
45846 0.0000000000 0.1548503448 0.9797803637 0.1266957367 
4058 0.0000000000 0.1551091211 0.9813026028 0.1139577216 
19999 0.0000000000 0.1564630410 0.9806879894 0.1173472808 
16820 0.0000000000 0.1564885727 0.9731633116 0.1687142425 
11063 0.0000000000 0.1568371626 0.9780935774 0.1368760691 
11289 0.0000000000 0.1572352522 0.9773249992 0.1418200314 
46414 0.0000000000 0.1577067367 0.9809359020 0.1135488504 
27611 0.0000000000 0.1577954116 0.9795224606 0.1250454205 
15846 0.0000000000 0.1578916996 0.9780513612 0.1359622968 
17321 0.0000000000 0.1579680493 0.9767691047 0.1448040452 
22196 0.0000000000 0.1580183108 0.9797135272 0.1232542824 
17181 0.0000000000 0.1581371507 0.9791044863 0.1278555687 
33400 0.0000000000 0.1587352915 0.9823618041 0.0988351815 
47861 0.0000000000 0.1592679514 0.9830677000 0.0906179723 
21663 0.0000000000 0.1594705405 0.9800189582 0.1188780393 
23371 0.0000000000 0.1600542996 0.9827333997 0.0928314938 
28924 0.0000000000 0.1602905674 0.9784403385 0.1302360860 
45405 0.0000000000 0.1614958475 0.9797414751 0.1184302882 
12364 0.0000000000 0.1615672295 0.9735461266 0.1615672295 
13757 0.0000000000 0.1624561675 0.9807539003 0.1083041117 
9523 0.0000000000 0.1630909632 0.9785457794 0.1258947786 
39155 0.0000000000 0.1633725473 0.9802352841 0.1115714957 
37746 0.0000000000 0.1638145856 0.9769306195 0.1370085625 
45131 0.0000000000 0.1643332987 0.9809433827 0.1036563884 
1523 0.0000000000 0.1661947908 0.9823299241 0.0860651595 
16946 0.0000000000 0.1668400998 0.9831008032 0.0753471419 
3497 0.0000000000 0.1685334157 0.9812389982 0.0936296754 
15158 0.0000000000 0.1689112077 0.9796850044 0.1081031729 
19782 0.0000000000 0.1724053222 0.9748737311 0.1410589000 
43690 0.0000000000 0.1736171018 0.9760096533 0.1313859149 
36678 0.0000000000 0.2044454848 0.9554697144 0.2127901984 
33094 0.0003885039 0.1212132281 0.9778644072 0.1705532280 
44543 0.0004902617 0.1220751635 0.9707181676 0.2068904377 
15791 0.0005558999 0.1095122853 0.9667099705 0.2312543690 
39429 0.0007802434 0.1154760288 0.9565784550 0.2676234992 
28429 0.0007840740 0.1230996256 0.9565703389 0.2642329543 
8423 0.0009465831 0.1372545531 0.9569955391 0.2555774437 
17010 0.0011684189 0.1180103045 0.9569350432 0.2652310803 
38188 0.0013454101 0.1049419894 0.9538957755 0.2811907152 
16191 0.0014528639 0.1234934308 0.9501729849 0.2862141866 
29686 0.0019626906 0.1236495066 0.9833079812 0.1334629595 
30276 0.0019814396 0.1198770958 0.9520817282 0.2813644233 
45520 0.0021250626 0.2677578817 0.9584032115 0.0988154087 
47628 0.0021884676 0.1466273285 0.9519834013 0.2687438200 
319 0.0022220576 0.1155469968 0.9510406663 0.2866454345 
42358 0.0022760509 0.0910420360 0.9900821414 0.1069743923 
44659 0.0023586349 0.1368008236 0.9835507486 0.1179317444 
28282 0.0024030340 0.1057334946 0.9852439266 0.1345699022 
48715 0.0024133056 0.1158386694 0.9870419958 0.1110120582 
25038 0.0024323378 0.1276977334 0.9522602406 0.2772865068 
426 0.0025461784 0.1171242042 0.9828248439 0.1425859877 
12485 0.0025828787 0.1300048950 0.9591089606 0.2514001943 
22163 0.0026974587 0.1300175089 0.9845724223 0.1170697072 
12585 0.0027707529 0.1496206568 0.9808465282 0.1246838807 
34276 0.0028325771 0.1359636988 0.9857368160 0.0991401970 
46646 0.0029079568 0.1206802067 0.9509018693 0.2849797651 
10538 0.0029355483 0.1484548702 0.9687309328 0.1987785550 
16267 0.0029832543 0.0924808821 0.9844739060 0.1491627130 
16344 0.0029970090 0.1438564310 0.9830189451 0.1138863412 
30662 0.0030632074 0.1164018817 0.9863527871 0.1164018817 
21163 0.0030691232 0.1462948711 0.9544973057 0.2598524284 
23878 0.0030765299 0.1445969048 0.9814130345 0.1261377254 
27660 0.0030771561 0.1292405582 0.9846899675 0.1169319336 
8164 0.0030876112 0.1142416141 0.9849479699 0.1296796700 
44932 0.0031067889 0.1398054984 0.9848520667 0.1025240322 
15302 0.0031654288 0.1329480109 0.9812829374 0.1392788685 
3877 0.0031798150 0.1049338951 0.9889224662 0.1049338951 
18550 0.0032343157 0.1423098916 0.9799976623 0.1390755758 
39789 0.0032577957 0.1498586005 0.9740809031 0.1694053744 
3049 0.0032601320 0.1499660737 0.9812997429 0.1206248853 
18575 0.0033119301 0.0960459742 0.9836432530 0.1523487867 
22108 0.0033286580 0.0998597401 0.9786254529 0.1797475322 
36329 0.0034015180 0.1190531286 0.9830386904 0.1394622364 
14623 0.0036085332 0.1142702166 0.9827238628 0.1455441706 
236 0.0040404659 0.1949524786 0.9626409955 0.1878816633 
6948 0.0043993460 0.1121833241 0.9854535134 0.1275810352 
336 0.0044352706 0.1259616857 0.9571314002 0.2607939126 
29242 0.0047496694 0.1163669001 0.9879312331 0.1021178919 
24309 0.0048138577 0.0938702245 0.9820269644 0.1636711607 
42243 0.0048415223 0.1428249088 0.9804082720 0.1355626253 
44160 0.0049392978 0.1717355845 0.9681023656 0.1823740720 
9004 0.0049534208 0.0965917053 0.9510567908 0.2934901816 
1061 0.0053702549 0.1020348422 0.9908120206 0.0886092051 
36859 0.0055235554 0.1049475520 0.9859546337 0.1298035512 
39741 0.0065145543 0.1237765317 0.9836976993 0.1302910860 
8267 0.0065379147 0.1231307265 0.9523562384 0.2789510263 
14241 0.0065557676 0.1960174524 0.9735314944 0.1173482407 
48273 0.0067577209 0.1385332792 0.9832483962 0.1182601164 
43118 0.0069607817 0.1160130280 0.9884309983 0.0974509435 
14034 0.0069781990 0.1888475115 0.9734587658 0.1290966822 
28957 0.0070514100 0.1316263205 0.9824964637 0.1316263205 
48610 0.0071942930 0.1891071316 0.9753405862 0.1135670546 
28784 0.0072330046 0.2571734957 0.9611859402 0.0996547296 
33686 0.0073713007 0.1695399163 0.9772238656 0.1274181980 
23683 0.0074223895 0.1298918160 0.9797554122 0.1521589845 
11554 0.0074503011 0.2659757504 0.9573636953 0.1124995471 
38294 0.0074776240 0.1146569009 0.9845538233 0.1321046902 
45169 0.0077417788 0.2709622579 0.9541742367 0.1267716278 
35719 0.0080179151 0.2175527643 0.9690986773 0.1159925058 
20390 0.0082304914 0.1234573709 0.9876589671 0.0960223996 
43187 0.0083435881 0.1105525417 0.9845433902 0.1355833059 
26105 0.0088706143 0.1956463269 0.9742891393 0.1113754909 
29483 0.0090874965 0.1958860351 0.9723621226 0.1267200897 
34700 0.0090962786 0.2670998172 0.9584169912 0.1000590647 
17847 0.0091046667 0.1826289027 0.9741993370 0.1322854515 
4170 0.0091542582 0.1098510984 0.9856084663 0.1281596148 
48032 0.0092431296 0.2478839311 0.9596049127 0.1327649529 
13676 0.0094900601 0.1233707819 0.9838029022 0.1296974887 
3443 0.0095096874 0.2450573279 0.9604784224 0.1316725941 
488 0.0097573488 0.1593700309 0.9789873328 0.1268455348 
5287 0.0098714744 0.1931988565 0.9741029939 0.1170474824 
